659 481 321
257 61 2 2
255 62 2 2
256 62 2 2
257 62 2 2
238 137 32 32
239 137 32 32
240 137 32 32
239 138 32 32
240 138 32 32
240 157 11 11
238 158 11 11
239 158 11 11
240 158 11 11
241 158 11 11
362 160 49 49
363 160 49 49
364 160 49 49
365 160 49 49
376 160 49 49
377 160 49 49
381 160 49 49
382 160 49 49
363 161 49 49
364 161 49 49
365 161 49 49
377 161 49 49
378 161 49 49
379 161 49 49
380 161 49 49
381 161 49 49
382 161 49 49
383 161 49 49
384 161 49 49
362 162 49 49
363 162 49 49
364 162 49 49
365 162 49 49
366 162 49 49
367 162 49 49
369 162 49 49
370 162 49 49
372 162 49 49
377 162 49 49
378 162 49 49
379 162 49 49
380 162 49 49
381 162 49 49
382 162 49 49
118 163 18 18
360 163 49 49
361 163 49 49
362 163 49 49
363 163 49 49
364 163 49 49
365 163 49 49
366 163 49 49
367 163 49 49
368 163 49 49
369 163 49 49
370 163 49 49
371 163 49 49
372 163 49 49
373 163 49 49
377 163 49 49
378 163 49 49
379 163 49 49
380 163 49 49
381 163 49 49
118 164 18 18
367 164 49 49
368 164 49 49
369 164 49 49
371 164 49 49
372 164 49 49
374 164 49 49
375 164 49 49
376 164 49 49
377 164 49 49
378 164 49 49
379 164 49 49
380 164 49 49
118 165 18 18
119 165 18 18
370 165 49 49
371 165 49 49
372 165 49 49
373 165 49 49
374 165 49 49
375 165 49 49
376 165 49 49
377 165 49 49
378 165 49 49
379 165 49 49
380 165 49 49
381 165 49 49
382 165 49 49
383 165 49 49
119 166 18 18
373 166 49 49
374 166 49 49
376 166 49 49
377 166 49 49
381 166 49 49
382 166 49 49
383 166 49 49
384 166 49 49
385 166 49 49
386 166 49 49
119 167 18 18
373 167 49 49
374 167 49 49
375 167 49 49
376 167 49 49
377 167 49 49
382 167 49 49
383 167 49 49
386 167 49 49
118 168 18 18
119 168 18 18
377 168 49 49
378 168 49 49
376 169 49 49
377 169 49 49
376 170 49 49
377 170 49 49
376 171 49 49
377 171 49 49
378 171 49 49
376 172 49 49
377 172 49 49
378 172 49 49
379 172 49 49
380 172 49 49
374 173 49 49
375 173 49 49
376 173 49 49
377 173 49 49
378 173 49 49
379 173 49 49
380 173 49 49
381 173 49 49
382 173 49 49
383 173 49 49
384 173 49 49
385 173 49 49
373 174 49 49
374 174 49 49
375 174 49 49
376 174 49 49
325 178 20 20
326 178 20 20
327 178 20 20
205 183 36 36
204 184 36 36
205 184 36 36
150 186 16 16
151 186 16 16
152 186 16 16
153 186 16 16
154 186 16 16
376 196 0 0
377 196 0 0
377 197 0 0
378 197 0 0
379 197 0 0
130 200 29 29
131 200 29 29
131 201 29 29
132 201 29 29
132 202 29 29
179 202 37 37
8 203 25 25
9 203 25 25
10 203 25 25
11 203 25 25
179 203 37 37
8 204 25 25
9 204 25 25
281 205 5 5
281 206 5 5
280 207 5 5
281 207 5 5
282 207 5 5
283 207 5 5
279 208 5 5
280 208 5 5
278 209 5 5
279 209 5 5
279 210 5 5
160 211 10 10
157 212 10 10
158 212 10 10
159 212 10 10
160 212 10 10
157 213 10 10
326 214 40 40
327 214 40 40
328 214 40 40
399 214 28 28
254 215 42 42
255 215 42 42
256 215 42 42
258 215 42 42
259 215 42 42
260 215 42 42
399 215 28 28
400 215 28 28
256 216 42 42
257 216 42 42
259 216 42 42
399 216 28 28
400 216 28 28
401 216 28 28
256 217 42 42
258 217 42 42
259 217 42 42
255 218 42 42
256 218 42 42
257 218 42 42
258 218 42 42
259 218 42 42
373 218 7 7
374 218 7 7
375 218 7 7
88 219 43 43
89 219 43 43
90 219 43 43
145 219 17 17
146 219 17 17
147 219 17 17
255 219 42 42
256 219 42 42
257 219 42 42
258 219 42 42
259 219 42 42
260 219 42 42
261 219 42 42
262 219 42 42
263 219 42 42
374 219 7 7
90 220 43 43
213 220 23 23
214 220 23 23
256 220 42 42
257 220 42 42
258 220 42 42
259 220 42 42
260 220 42 42
261 220 42 42
262 220 42 42
263 220 42 42
264 220 42 42
88 221 43 43
89 221 43 43
90 221 43 43
91 221 43 43
214 221 23 23
259 221 42 42
260 221 42 42
261 221 42 42
263 221 42 42
264 221 42 42
88 222 43 43
89 222 43 43
90 222 43 43
91 222 43 43
256 222 42 42
257 222 42 42
258 222 42 42
259 222 42 42
260 222 42 42
261 222 42 42
262 222 42 42
263 222 42 42
437 222 13 13
438 222 13 13
88 223 43 43
90 223 43 43
256 223 42 42
258 223 42 42
259 223 42 42
260 223 42 42
88 224 43 43
258 224 42 42
259 224 42 42
88 225 43 43
196 228 8 8
197 228 8 8
196 229 8 8
289 233 34 34
289 234 34 34
290 234 34 34
288 235 34 34
289 235 34 34
290 235 34 34
343 243 33 33
344 243 33 33
166 245 6 6
167 245 6 6
420 245 45 45
420 246 45 45
421 246 45 45
55 249 22 22
56 249 22 22
57 249 22 22
58 249 22 22
55 250 22 22
58 250 22 22
59 250 22 22
109 250 27 27
110 250 27 27
57 251 22 22
58 251 22 22
109 251 27 27
110 251 27 27
58 252 22 22
59 252 22 22
60 252 22 22
61 252 22 22
62 252 22 22
63 252 22 22
64 252 22 22
65 252 22 22
107 252 27 27
108 252 27 27
109 252 27 27
53 253 22 22
54 253 22 22
55 253 22 22
56 253 22 22
57 253 22 22
58 253 22 22
59 253 22 22
62 253 22 22
63 253 22 22
106 253 27 27
107 253 27 27
109 253 27 27
110 253 27 27
54 254 22 22
55 254 22 22
59 254 22 22
54 255 22 22
59 255 22 22
29 256 46 46
30 256 46 46
175 256 19 19
176 256 19 19
28 257 46 46
29 257 46 46
175 257 19 19
265 257 38 38
266 257 38 38
29 258 46 46
265 258 38 38
266 258 38 38
385 258 39 39
386 258 39 39
387 258 39 39
388 258 39 39
389 258 39 39
28 259 46 46
29 259 46 46
241 259 26 26
242 259 26 26
243 259 26 26
244 259 26 26
266 259 38 38
29 260 46 46
281 260 15 15
282 260 15 15
28 261 46 46
29 261 46 46
31 261 46 46
32 261 46 46
33 261 46 46
28 262 46 46
29 262 46 46
31 262 46 46
32 262 46 46
34 262 46 46
29 263 46 46
30 263 46 46
32 263 46 46
33 263 46 46
34 263 46 46
35 263 46 46
36 263 46 46
37 263 46 46
39 263 46 46
27 264 46 46
28 264 46 46
29 264 46 46
30 264 46 46
31 264 46 46
32 264 46 46
33 264 46 46
34 264 46 46
35 264 46 46
36 264 46 46
37 264 46 46
38 264 46 46
39 264 46 46
40 264 46 46
41 264 46 46
42 264 46 46
43 264 46 46
28 265 46 46
29 265 46 46
32 265 46 46
33 265 46 46
34 265 46 46
35 265 46 46
36 265 46 46
37 265 46 46
38 265 46 46
39 265 46 46
40 265 46 46
41 265 46 46
42 265 46 46
43 265 46 46
44 265 46 46
130 265 44 44
131 265 44 44
132 265 44 44
133 265 44 44
28 266 46 46
29 266 46 46
30 266 46 46
32 266 46 46
33 266 46 46
34 266 46 46
35 266 46 46
36 266 46 46
37 266 46 46
38 266 46 46
39 266 46 46
40 266 46 46
41 266 46 46
42 266 46 46
43 266 46 46
44 266 46 46
45 266 46 46
46 266 46 46
133 266 44 44
27 267 46 46
28 267 46 46
29 267 46 46
30 267 46 46
31 267 46 46
32 267 46 46
33 267 46 46
34 267 46 46
35 267 46 46
36 267 46 46
37 267 46 46
38 267 46 46
39 267 46 46
40 267 46 46
41 267 46 46
42 267 46 46
43 267 46 46
44 267 46 46
45 267 46 46
46 267 46 46
47 267 46 46
28 268 46 46
29 268 46 46
32 268 46 46
33 268 46 46
34 268 46 46
35 268 46 46
36 268 46 46
37 268 46 46
38 268 46 46
39 268 46 46
40 268 46 46
41 268 46 46
42 268 46 46
43 268 46 46
44 268 46 46
28 269 46 46
29 269 46 46
30 269 46 46
32 269 46 46
33 269 46 46
34 269 46 46
35 269 46 46
36 269 46 46
37 269 46 46
38 269 46 46
39 269 46 46
41 269 46 46
42 269 46 46
43 269 46 46
44 269 46 46
27 270 46 46
28 270 46 46
29 270 46 46
30 270 46 46
31 270 46 46
32 270 46 46
33 270 46 46
34 270 46 46
35 270 46 46
36 270 46 46
37 270 46 46
38 270 46 46
39 270 46 46
42 270 46 46
28 271 46 46
29 271 46 46
30 271 46 46
31 271 46 46
32 271 46 46
33 271 46 46
34 271 46 46
35 271 46 46
36 271 46 46
37 271 46 46
38 271 46 46
39 271 46 46
228 271 41 41
28 272 46 46
29 272 46 46
30 272 46 46
31 272 46 46
33 272 46 46
34 272 46 46
35 272 46 46
36 272 46 46
37 272 46 46
228 272 41 41
229 272 41 41
27 273 46 46
28 273 46 46
29 273 46 46
30 273 46 46
31 273 46 46
32 273 46 46
33 273 46 46
34 273 46 46
35 273 46 46
36 273 46 46
37 273 46 46
38 273 46 46
39 273 46 46
229 273 41 41
27 274 46 46
28 274 46 46
29 274 46 46
30 274 46 46
31 274 46 46
32 274 46 46
33 274 46 46
34 274 46 46
35 274 46 46
36 274 46 46
37 274 46 46
38 274 46 46
229 274 41 41
27 275 46 46
28 275 46 46
29 275 46 46
30 275 46 46
31 275 46 46
32 275 46 46
33 275 46 46
36 275 46 46
27 276 46 46
28 276 46 46
29 276 46 46
30 276 46 46
31 276 46 46
36 276 46 46
26 277 46 46
27 277 46 46
28 277 46 46
29 277 46 46
30 277 46 46
31 277 46 46
32 277 46 46
33 277 46 46
34 277 46 46
36 277 46 46
26 278 46 46
27 278 46 46
28 278 46 46
29 278 46 46
30 278 46 46
31 278 46 46
32 278 46 46
23 279 46 46
24 279 46 46
25 279 46 46
26 279 46 46
27 279 46 46
28 279 46 46
29 279 46 46
30 279 46 46
31 279 46 46
32 279 46 46
33 279 46 46
25 280 46 46
26 280 46 46
27 280 46 46
25 281 46 46
26 281 46 46
348 283 30 30
349 283 30 30
350 283 30 30
290 289 12 12
291 289 12 12
292 289 12 12
417 289 47 47
418 289 47 47
419 289 47 47
420 289 47 47
421 289 47 47
149 290 9 9
148 291 9 9
149 291 9 9
150 291 9 9
149 292 9 9
180 293 35 35
181 293 35 35
181 294 35 35
180 295 35 35
181 295 35 35
182 295 35 35
183 295 35 35
182 296 35 35
72 299 24 24
73 299 24 24
74 299 24 24
202 299 21 21
203 299 21 21
280 300 31 31
281 300 31 31
282 300 31 31
283 300 31 31
282 301 31 31
436 305 1 1
437 305 1 1
438 305 1 1
368 307 48 48
368 308 48 48
369 308 48 48
368 309 48 48
369 309 48 48
88 314 3 3
88 315 3 3
89 315 3 3
252 315 14 14
253 315 14 14
252 316 14 14
253 316 14 14
158 317 4 4
158 318 4 4
