1080 481 321
480 0 81 81
480 1 81 81
84 2 74 74
85 2 74 74
479 2 81 81
480 2 81 81
480 3 81 81
419 4 96 96
420 4 96 96
423 4 96 96
480 4 81 81
416 5 96 96
419 5 96 96
420 5 96 96
423 5 96 96
480 5 81 81
415 6 96 96
416 6 96 96
419 6 96 96
420 6 96 96
423 6 96 96
480 6 81 81
415 7 96 96
416 7 96 96
419 7 96 96
420 7 96 96
423 7 96 96
480 7 81 81
52 8 43 43
53 8 43 43
413 8 96 96
414 8 96 96
415 8 96 96
416 8 96 96
417 8 96 96
418 8 96 96
419 8 96 96
420 8 96 96
421 8 96 96
422 8 96 96
423 8 96 96
480 8 81 81
52 9 43 43
412 9 96 96
413 9 96 96
414 9 96 96
415 9 96 96
416 9 96 96
417 9 96 96
418 9 96 96
419 9 96 96
420 9 96 96
421 9 96 96
422 9 96 96
423 9 96 96
480 9 81 81
411 10 96 96
412 10 96 96
413 10 96 96
414 10 96 96
416 10 96 96
417 10 96 96
418 10 96 96
419 10 96 96
480 10 81 81
411 11 96 96
413 11 96 96
414 11 96 96
416 11 96 96
417 11 96 96
418 11 96 96
479 11 81 81
480 11 81 81
126 12 33 33
127 12 33 33
128 12 33 33
129 12 33 33
411 12 96 96
413 12 96 96
414 12 96 96
416 12 96 96
417 12 96 96
418 12 96 96
480 12 81 81
251 13 62 62
252 13 62 62
253 13 62 62
409 13 96 96
411 13 96 96
413 13 96 96
415 13 96 96
416 13 96 96
417 13 96 96
418 13 96 96
419 13 96 96
422 13 96 96
423 13 96 96
461 13 9 9
462 13 9 9
480 13 81 81
408 14 96 96
409 14 96 96
410 14 96 96
411 14 96 96
412 14 96 96
413 14 96 96
414 14 96 96
415 14 96 96
416 14 96 96
417 14 96 96
418 14 96 96
419 14 96 96
420 14 96 96
421 14 96 96
422 14 96 96
423 14 96 96
424 14 96 96
480 14 81 81
17 15 90 90
18 15 90 90
409 15 96 96
410 15 96 96
411 15 96 96
412 15 96 96
416 15 96 96
417 15 96 96
418 15 96 96
419 15 96 96
420 15 96 96
421 15 96 96
424 15 96 96
480 15 81 81
17 16 90 90
410 16 96 96
411 16 96 96
417 16 96 96
418 16 96 96
420 16 96 96
421 16 96 96
422 16 96 96
423 16 96 96
480 16 81 81
17 17 90 90
416 17 96 96
417 17 96 96
418 17 96 96
419 17 96 96
420 17 96 96
480 17 81 81
370 18 58 58
371 18 58 58
417 18 96 96
418 18 96 96
480 18 81 81
371 19 58 58
416 19 96 96
417 19 96 96
418 19 96 96
419 19 96 96
420 19 96 96
421 19 96 96
422 19 96 96
423 19 96 96
458 19 22 22
459 19 22 22
480 19 81 81
417 20 96 96
418 20 96 96
422 20 96 96
459 20 22 22
479 20 81 81
480 20 81 81
422 21 96 96
480 21 81 81
480 22 81 81
204 23 42 42
205 23 42 42
480 23 81 81
480 24 81 81
480 25 81 81
270 26 8 8
271 26 8 8
479 26 81 81
480 26 81 81
480 27 81 81
480 28 81 81
462 29 6 6
480 29 81 81
6 30 47 47
297 30 88 88
462 30 6 6
480 30 81 81
6 31 47 47
296 31 88 88
297 31 88 88
480 31 81 81
6 32 47 47
296 32 88 88
480 32 81 81
6 33 47 47
480 33 81 81
480 34 81 81
479 35 81 81
480 35 81 81
479 36 81 81
480 36 81 81
480 37 81 81
480 38 81 81
66 39 35 35
67 39 35 35
480 39 81 81
46 40 66 66
47 40 66 66
480 40 81 81
480 41 81 81
449 42 48 48
480 42 81 81
448 43 48 48
449 43 48 48
480 43 81 81
480 44 81 81
480 45 81 81
479 46 81 81
480 46 81 81
480 47 81 81
480 48 81 81
362 49 87 87
480 49 81 81
361 50 87 87
362 50 87 87
480 50 81 81
468 51 16 16
480 51 81 81
468 52 16 16
469 52 16 16
480 52 81 81
480 53 81 81
480 54 81 81
480 55 81 81
480 56 81 81
205 57 73 73
480 57 81 81
203 58 73 73
204 58 73 73
205 58 73 73
480 58 81 81
202 59 73 73
203 59 73 73
204 59 73 73
205 59 73 73
206 59 73 73
480 59 81 81
201 60 73 73
202 60 73 73
458 60 44 44
459 60 44 44
480 60 81 81
200 61 73 73
201 61 73 73
480 61 81 81
480 62 81 81
480 63 81 81
480 64 81 81
480 65 81 81
480 66 81 81
413 67 14 14
414 67 14 14
480 67 81 81
12 68 83 83
480 68 81 81
12 69 83 83
480 69 81 81
283 70 65 65
480 70 81 81
283 71 65 65
284 71 65 65
480 71 81 81
459 72 13 13
480 72 81 81
459 73 13 13
480 73 81 81
480 74 81 81
480 75 81 81
480 76 81 81
411 77 49 49
479 77 81 81
480 77 81 81
290 78 78 78
411 78 49 49
480 78 81 81
290 79 78 78
480 79 81 81
480 80 81 81
480 81 81 81
439 82 28 28
440 82 28 28
480 82 81 81
480 83 81 81
480 84 81 81
480 85 81 81
480 86 81 81
480 87 81 81
480 88 81 81
402 89 29 29
403 89 29 29
480 89 81 81
355 90 40 40
356 90 40 40
357 90 40 40
480 90 81 81
480 91 81 81
480 92 81 81
480 93 81 81
480 94 81 81
241 95 93 93
242 95 93 93
450 95 12 12
451 95 12 12
453 95 12 12
480 95 81 81
451 96 12 12
452 96 12 12
453 96 12 12
480 96 81 81
480 97 81 81
480 98 81 81
480 99 81 81
480 100 81 81
397 101 21 21
480 101 81 81
396 102 21 21
397 102 21 21
480 102 81 81
397 103 21 21
455 103 36 36
480 103 81 81
455 104 36 36
480 104 81 81
66 105 98 98
67 105 98 98
480 105 81 81
65 106 98 98
66 106 98 98
69 106 98 98
480 106 81 81
62 107 98 98
63 107 98 98
64 107 98 98
65 107 98 98
66 107 98 98
67 107 98 98
68 107 98 98
69 107 98 98
70 107 98 98
71 107 98 98
479 107 81 81
480 107 81 81
63 108 98 98
65 108 98 98
66 108 98 98
70 108 98 98
480 108 81 81
3 109 46 46
62 109 98 98
63 109 98 98
65 109 98 98
220 109 53 53
479 109 81 81
480 109 81 81
2 110 46 46
3 110 46 46
61 110 98 98
62 110 98 98
65 110 98 98
66 110 98 98
67 110 98 98
219 110 53 53
220 110 53 53
396 110 0 0
397 110 0 0
479 110 81 81
480 110 81 81
1 111 46 46
2 111 46 46
61 111 98 98
62 111 98 98
397 111 0 0
480 111 81 81
2 112 46 46
61 112 98 98
62 112 98 98
480 112 81 81
479 113 81 81
480 113 81 81
480 114 81 81
480 115 81 81
479 116 81 81
480 116 81 81
430 117 17 17
468 117 4 4
469 117 4 4
480 117 81 81
430 118 17 17
480 118 81 81
430 119 17 17
480 119 81 81
479 120 81 81
480 120 81 81
480 121 81 81
480 122 81 81
480 123 81 81
480 124 81 81
457 125 24 24
458 125 24 24
480 125 81 81
480 126 81 81
480 127 81 81
480 128 81 81
480 129 81 81
480 130 81 81
480 131 81 81
255 132 54 54
479 132 81 81
480 132 81 81
255 133 54 54
480 133 81 81
480 134 81 81
480 135 81 81
480 136 81 81
480 137 81 81
351 138 15 15
352 138 15 15
480 138 81 81
352 139 15 15
398 139 27 27
456 139 11 11
457 139 11 11
480 139 81 81
397 140 27 27
398 140 27 27
457 140 11 11
480 140 81 81
480 141 81 81
480 142 81 81
480 143 81 81
480 144 81 81
480 145 81 81
480 146 81 81
480 147 81 81
480 148 81 81
480 149 81 81
480 150 81 81
325 151 20 20
326 151 20 20
463 151 25 25
464 151 25 25
480 151 81 81
480 152 81 81
480 153 81 81
480 154 81 81
394 155 64 64
480 155 81 81
250 156 68 68
394 156 64 64
480 156 81 81
250 157 68 68
480 157 81 81
480 158 81 81
480 159 81 81
178 160 72 72
179 160 72 72
480 160 81 81
178 161 72 72
179 161 72 72
431 161 1 1
432 161 1 1
433 161 1 1
480 161 81 81
179 162 72 72
180 162 72 72
181 162 72 72
433 162 1 1
479 162 81 81
480 162 81 81
181 163 72 72
480 163 81 81
388 164 10 10
480 164 81 81
388 165 10 10
479 165 81 81
480 165 81 81
480 166 81 81
480 167 81 81
480 168 81 81
480 169 81 81
480 170 81 81
32 171 19 19
33 171 19 19
34 171 19 19
35 171 19 19
480 171 81 81
34 172 19 19
443 172 57 57
480 172 81 81
105 173 80 80
106 173 80 80
201 173 59 59
443 173 57 57
480 173 81 81
200 174 59 59
201 174 59 59
480 174 81 81
480 175 81 81
313 176 89 89
480 176 81 81
313 177 89 89
406 177 77 77
407 177 77 77
480 177 81 81
313 178 89 89
480 178 81 81
455 179 23 23
456 179 23 23
457 179 23 23
480 179 81 81
457 180 23 23
480 180 81 81
391 181 3 3
480 181 81 81
391 182 3 3
480 182 81 81
390 183 3 3
391 183 3 3
480 183 81 81
480 184 81 81
480 185 81 81
480 186 81 81
480 187 81 81
46 188 38 38
47 188 38 38
48 188 38 38
49 188 38 38
439 188 67 67
480 188 81 81
49 189 38 38
439 189 67 67
440 189 67 67
480 189 81 81
336 190 69 69
337 190 69 69
440 190 67 67
480 190 81 81
480 191 81 81
480 192 81 81
480 193 81 81
480 194 81 81
479 195 81 81
480 195 81 81
386 196 34 34
387 196 34 34
480 196 81 81
479 197 81 81
480 197 81 81
473 198 39 39
480 198 81 81
472 199 39 39
473 199 39 39
480 199 81 81
480 200 81 81
237 201 41 41
238 201 41 41
349 201 97 97
350 201 97 97
480 201 81 81
114 202 95 95
350 202 97 97
480 202 81 81
114 203 95 95
162 203 31 31
480 203 81 81
161 204 31 31
162 204 31 31
480 204 81 81
162 205 31 31
324 205 55 55
325 205 55 55
480 205 81 81
480 206 81 81
480 207 81 81
480 208 81 81
452 209 30 30
480 209 81 81
452 210 30 30
480 210 81 81
480 211 81 81
480 212 81 81
480 213 81 81
480 214 81 81
233 215 71 71
480 215 81 81
233 216 71 71
234 216 71 71
480 216 81 81
479 217 81 81
480 217 81 81
480 218 81 81
480 219 81 81
69 220 76 76
480 220 81 81
69 221 76 76
70 221 76 76
71 221 76 76
480 221 81 81
199 222 5 5
200 222 5 5
480 222 81 81
480 223 81 81
117 224 82 82
118 224 82 82
480 224 81 81
116 225 82 82
117 225 82 82
480 225 81 81
480 226 81 81
480 227 81 81
480 228 81 81
284 229 84 84
285 229 84 84
286 229 84 84
480 229 81 81
286 230 84 84
480 230 81 81
479 231 81 81
480 231 81 81
479 232 81 81
480 232 81 81
116 233 79 79
479 233 81 81
480 233 81 81
116 234 79 79
117 234 79 79
480 234 81 81
117 235 79 79
118 235 79 79
119 235 79 79
120 235 79 79
478 235 81 81
479 235 81 81
480 235 81 81
117 236 79 79
118 236 79 79
480 236 81 81
118 237 79 79
480 237 81 81
480 238 81 81
480 239 81 81
340 240 94 94
341 240 94 94
480 240 81 81
480 241 81 81
480 242 81 81
480 243 81 81
479 244 81 81
480 244 81 81
480 245 81 81
480 246 81 81
480 247 81 81
480 248 81 81
479 249 81 81
480 249 81 81
480 250 81 81
479 251 81 81
480 251 81 81
479 252 81 81
480 252 81 81
480 253 81 81
371 254 61 61
372 254 61 61
373 254 61 61
480 254 81 81
373 255 61 61
480 255 81 81
480 256 81 81
479 257 81 81
480 257 81 81
113 258 2 2
114 258 2 2
480 258 81 81
114 259 2 2
115 259 2 2
116 259 2 2
480 259 81 81
115 260 2 2
480 260 81 81
480 261 81 81
480 262 81 81
259 263 92 92
480 263 81 81
258 264 92 92
259 264 92 92
480 264 81 81
480 265 81 81
480 266 81 81
480 267 81 81
480 268 81 81
480 269 81 81
36 270 99 99
44 270 99 99
45 270 99 99
368 270 56 56
480 270 81 81
35 271 99 99
36 271 99 99
43 271 99 99
44 271 99 99
368 271 56 56
480 271 81 81
32 272 99 99
33 272 99 99
34 272 99 99
35 272 99 99
36 272 99 99
37 272 99 99
38 272 99 99
42 272 99 99
43 272 99 99
44 272 99 99
480 272 81 81
27 273 99 99
28 273 99 99
29 273 99 99
36 273 99 99
37 273 99 99
38 273 99 99
39 273 99 99
43 273 99 99
479 273 81 81
480 273 81 81
26 274 99 99
27 274 99 99
28 274 99 99
29 274 99 99
37 274 99 99
38 274 99 99
39 274 99 99
40 274 99 99
42 274 99 99
43 274 99 99
44 274 99 99
422 274 7 7
480 274 81 81
25 275 99 99
26 275 99 99
27 275 99 99
28 275 99 99
29 275 99 99
34 275 99 99
35 275 99 99
36 275 99 99
37 275 99 99
38 275 99 99
40 275 99 99
41 275 99 99
42 275 99 99
43 275 99 99
44 275 99 99
422 275 7 7
423 275 7 7
480 275 81 81
27 276 99 99
28 276 99 99
29 276 99 99
30 276 99 99
31 276 99 99
32 276 99 99
33 276 99 99
34 276 99 99
35 276 99 99
36 276 99 99
37 276 99 99
38 276 99 99
40 276 99 99
423 276 7 7
471 276 50 50
472 276 50 50
480 276 81 81
27 277 99 99
29 277 99 99
32 277 99 99
33 277 99 99
34 277 99 99
35 277 99 99
38 277 99 99
39 277 99 99
40 277 99 99
390 277 52 52
480 277 81 81
27 278 99 99
30 278 99 99
31 278 99 99
32 278 99 99
33 278 99 99
37 278 99 99
38 278 99 99
39 278 99 99
389 278 52 52
390 278 52 52
480 278 81 81
27 279 99 99
28 279 99 99
29 279 99 99
30 279 99 99
31 279 99 99
33 279 99 99
36 279 99 99
37 279 99 99
38 279 99 99
39 279 99 99
40 279 99 99
390 279 52 52
480 279 81 81
29 280 99 99
30 280 99 99
31 280 99 99
33 280 99 99
36 280 99 99
480 280 81 81
27 281 99 99
28 281 99 99
29 281 99 99
30 281 99 99
31 281 99 99
33 281 99 99
34 281 99 99
480 281 81 81
27 282 99 99
28 282 99 99
29 282 99 99
30 282 99 99
32 282 99 99
33 282 99 99
34 282 99 99
38 282 99 99
39 282 99 99
480 282 81 81
27 283 99 99
28 283 99 99
29 283 99 99
30 283 99 99
33 283 99 99
34 283 99 99
35 283 99 99
36 283 99 99
37 283 99 99
38 283 99 99
39 283 99 99
40 283 99 99
479 283 81 81
480 283 81 81
27 284 99 99
29 284 99 99
30 284 99 99
32 284 99 99
33 284 99 99
34 284 99 99
35 284 99 99
36 284 99 99
480 284 81 81
27 285 99 99
29 285 99 99
30 285 99 99
31 285 99 99
32 285 99 99
33 285 99 99
34 285 99 99
35 285 99 99
36 285 99 99
37 285 99 99
480 285 81 81
27 286 99 99
28 286 99 99
29 286 99 99
30 286 99 99
31 286 99 99
34 286 99 99
35 286 99 99
36 286 99 99
37 286 99 99
38 286 99 99
39 286 99 99
70 286 60 60
480 286 81 81
30 287 99 99
37 287 99 99
38 287 99 99
39 287 99 99
70 287 60 60
480 287 81 81
29 288 99 99
30 288 99 99
31 288 99 99
38 288 99 99
455 288 63 63
479 288 81 81
480 288 81 81
27 289 99 99
28 289 99 99
29 289 99 99
38 289 99 99
386 289 85 85
454 289 63 63
455 289 63 63
479 289 81 81
480 289 81 81
27 290 99 99
28 290 99 99
29 290 99 99
30 290 99 99
31 290 99 99
385 290 85 85
386 290 85 85
411 290 32 32
412 290 32 32
480 290 81 81
276 291 86 86
281 291 86 86
282 291 86 86
480 291 81 81
209 292 70 70
210 292 70 70
211 292 70 70
276 292 86 86
279 292 86 86
280 292 86 86
281 292 86 86
282 292 86 86
283 292 86 86
480 292 81 81
5 293 37 37
273 293 86 86
275 293 86 86
276 293 86 86
280 293 86 86
283 293 86 86
286 293 86 86
479 293 81 81
480 293 81 81
5 294 37 37
6 294 37 37
272 294 86 86
273 294 86 86
274 294 86 86
275 294 86 86
276 294 86 86
279 294 86 86
280 294 86 86
283 294 86 86
284 294 86 86
285 294 86 86
286 294 86 86
479 294 81 81
480 294 81 81
5 295 37 37
6 295 37 37
9 295 37 37
274 295 86 86
275 295 86 86
276 295 86 86
277 295 86 86
278 295 86 86
279 295 86 86
280 295 86 86
286 295 86 86
287 295 86 86
480 295 81 81
5 296 37 37
6 296 37 37
7 296 37 37
8 296 37 37
9 296 37 37
10 296 37 37
11 296 37 37
274 296 86 86
277 296 86 86
278 296 86 86
279 296 86 86
286 296 86 86
287 296 86 86
288 296 86 86
480 296 81 81
6 297 37 37
8 297 37 37
9 297 37 37
10 297 37 37
11 297 37 37
12 297 37 37
480 297 81 81
9 298 37 37
10 298 37 37
11 298 37 37
12 298 37 37
13 298 37 37
14 298 37 37
15 298 37 37
480 298 81 81
8 299 37 37
9 299 37 37
10 299 37 37
11 299 37 37
14 299 37 37
135 299 26 26
409 299 18 18
410 299 18 18
479 299 81 81
480 299 81 81
9 300 37 37
10 300 37 37
134 300 26 26
135 300 26 26
407 300 18 18
408 300 18 18
409 300 18 18
479 300 81 81
480 300 81 81
8 301 37 37
9 301 37 37
10 301 37 37
11 301 37 37
135 301 26 26
136 301 26 26
137 301 26 26
138 301 26 26
408 301 18 18
409 301 18 18
428 301 91 91
429 301 91 91
480 301 81 81
8 302 37 37
9 302 37 37
10 302 37 37
11 302 37 37
138 302 26 26
407 302 18 18
408 302 18 18
480 302 81 81
480 303 81 81
480 304 81 81
480 305 81 81
348 306 75 75
479 306 81 81
480 306 81 81
348 307 75 75
480 307 81 81
480 308 81 81
480 309 81 81
438 310 45 45
479 310 81 81
480 310 81 81
438 311 45 45
480 311 81 81
479 312 81 81
480 312 81 81
192 313 51 51
193 313 51 51
479 313 81 81
480 313 81 81
193 314 51 51
480 314 81 81
479 315 81 81
480 315 81 81
480 316 81 81
480 317 81 81
480 318 81 81
476 319 81 81
477 319 81 81
480 319 81 81
477 320 81 81
478 320 81 81
479 320 81 81
480 320 81 81
