3953 481 321
94 4 85 85
95 4 85 85
96 4 85 85
94 5 85 85
95 5 85 85
7 6 55 55
94 6 85 85
7 7 55 55
94 7 85 85
6 8 55 55
7 8 55 55
93 8 85 85
94 8 85 85
95 8 85 85
96 8 249 249
6 9 55 55
7 9 55 55
94 9 85 85
95 9 85 85
96 9 249 249
265 9 86 86
4 10 55 55
5 10 55 55
6 10 55 55
7 10 55 55
8 10 55 55
9 10 55 55
10 10 55 55
11 10 55 55
26 10 54 54
27 10 54 54
94 10 85 85
95 10 85 85
96 10 249 249
262 10 86 86
263 10 86 86
264 10 86 86
265 10 86 86
266 10 86 86
267 10 86 86
381 10 124 124
382 10 124 124
383 10 124 124
384 10 124 124
4 11 55 55
5 11 55 55
6 11 55 55
7 11 55 55
10 11 55 55
11 11 55 55
25 11 54 54
26 11 54 54
27 11 54 54
28 11 54 54
36 11 54 54
37 11 54 54
93 11 85 85
94 11 85 85
95 11 249 249
96 11 249 249
257 11 86 86
258 11 86 86
259 11 86 86
260 11 86 86
261 11 86 86
262 11 86 86
265 11 86 86
267 11 86 86
381 11 124 124
382 11 124 124
4 12 55 55
5 12 55 55
6 12 55 55
7 12 55 55
11 12 55 55
12 12 55 55
27 12 54 54
33 12 54 54
34 12 54 54
35 12 54 54
36 12 54 54
91 12 85 85
92 12 85 85
93 12 85 85
94 12 249 249
95 12 249 249
96 12 249 249
252 12 86 86
260 12 86 86
261 12 86 86
262 12 86 86
263 12 86 86
381 12 124 124
382 12 124 124
383 12 124 124
5 13 55 55
6 13 55 55
7 13 55 55
11 13 55 55
12 13 55 55
13 13 55 55
14 13 55 55
15 13 55 55
22 13 54 54
23 13 54 54
24 13 54 54
25 13 54 54
26 13 54 54
27 13 54 54
28 13 54 54
29 13 54 54
30 13 54 54
33 13 54 54
34 13 54 54
35 13 54 54
36 13 54 54
90 13 85 85
91 13 85 85
92 13 85 85
93 13 85 85
94 13 249 249
95 13 249 249
96 13 249 249
251 13 86 86
252 13 86 86
256 13 86 86
259 13 86 86
260 13 86 86
261 13 86 86
380 13 124 124
381 13 124 124
383 13 124 124
384 13 124 124
4 14 55 55
5 14 55 55
14 14 55 55
15 14 55 55
26 14 54 54
27 14 54 54
28 14 54 54
30 14 54 54
31 14 54 54
32 14 54 54
33 14 54 54
34 14 54 54
35 14 54 54
36 14 54 54
37 14 54 54
45 14 131 131
46 14 131 131
47 14 131 131
90 14 85 85
91 14 85 85
92 14 85 85
93 14 85 85
94 14 249 249
95 14 249 249
96 14 249 249
250 14 86 86
251 14 86 86
252 14 86 86
253 14 86 86
254 14 86 86
255 14 86 86
256 14 86 86
257 14 86 86
258 14 86 86
259 14 86 86
260 14 86 86
261 14 86 86
380 14 124 124
384 14 124 124
385 14 124 124
386 14 124 124
480 14 12 12
4 15 55 55
13 15 55 55
14 15 55 55
17 15 55 55
29 15 54 54
30 15 54 54
32 15 54 54
35 15 54 54
37 15 54 54
45 15 131 131
46 15 131 131
47 15 131 131
90 15 85 85
91 15 85 85
92 15 85 85
93 15 85 85
94 15 249 249
95 15 249 249
97 15 249 249
98 15 249 249
99 15 249 249
100 15 249 249
251 15 86 86
256 15 86 86
257 15 86 86
258 15 86 86
259 15 86 86
260 15 86 86
261 15 86 86
262 15 86 86
263 15 86 86
380 15 124 124
381 15 124 124
383 15 124 124
455 15 71 71
456 15 71 71
480 15 12 12
13 16 55 55
14 16 55 55
15 16 55 55
16 16 55 55
17 16 55 55
18 16 55 55
31 16 54 54
32 16 54 54
35 16 54 54
40 16 131 131
44 16 131 131
46 16 131 131
89 16 85 85
90 16 85 85
91 16 249 249
92 16 249 249
93 16 249 249
94 16 249 249
95 16 249 249
96 16 249 249
97 16 249 249
98 16 249 249
99 16 249 249
100 16 249 249
157 16 99 99
250 16 86 86
251 16 86 86
252 16 86 86
253 16 86 86
258 16 86 86
263 16 86 86
381 16 124 124
382 16 124 124
383 16 124 124
386 16 124 124
387 16 124 124
445 16 71 71
446 16 71 71
456 16 71 71
459 16 71 71
460 16 71 71
461 16 71 71
479 16 12 12
480 16 12 12
12 17 55 55
13 17 55 55
14 17 55 55
15 17 55 55
17 17 55 55
18 17 55 55
31 17 54 54
34 17 54 54
35 17 54 54
36 17 54 54
40 17 131 131
41 17 131 131
42 17 131 131
43 17 131 131
44 17 131 131
46 17 131 131
47 17 131 131
49 17 131 131
50 17 131 131
53 17 131 131
86 17 85 85
87 17 85 85
88 17 85 85
89 17 85 85
90 17 85 85
91 17 249 249
92 17 249 249
93 17 249 249
96 17 249 249
97 17 249 249
98 17 249 249
99 17 249 249
100 17 249 249
156 17 99 99
157 17 99 99
158 17 99 99
250 17 86 86
251 17 86 86
253 17 86 86
257 17 86 86
258 17 86 86
259 17 86 86
260 17 86 86
378 17 124 124
379 17 124 124
380 17 124 124
381 17 124 124
384 17 124 124
385 17 124 124
386 17 124 124
446 17 71 71
447 17 71 71
448 17 71 71
449 17 71 71
450 17 71 71
451 17 71 71
456 17 71 71
458 17 71 71
459 17 71 71
460 17 71 71
461 17 71 71
479 17 12 12
480 17 12 12
15 18 55 55
17 18 55 55
18 18 55 55
30 18 54 54
31 18 54 54
35 18 54 54
36 18 54 54
37 18 54 54
41 18 131 131
42 18 131 131
44 18 131 131
45 18 131 131
47 18 131 131
48 18 131 131
49 18 131 131
50 18 131 131
51 18 131 131
52 18 131 131
53 18 131 131
54 18 131 131
84 18 85 85
86 18 85 85
88 18 85 85
89 18 85 85
90 18 85 85
91 18 85 85
92 18 85 85
93 18 249 249
94 18 249 249
96 18 249 249
97 18 249 249
99 18 249 249
100 18 249 249
149 18 99 99
152 18 99 99
156 18 99 99
157 18 99 99
158 18 99 99
159 18 99 99
250 18 86 86
256 18 86 86
257 18 86 86
258 18 86 86
379 18 124 124
380 18 124 124
381 18 124 124
383 18 124 124
384 18 124 124
385 18 124 124
386 18 124 124
447 18 71 71
448 18 71 71
449 18 71 71
450 18 71 71
451 18 71 71
456 18 71 71
457 18 71 71
458 18 71 71
479 18 12 12
480 18 12 12
30 19 54 54
35 19 54 54
36 19 54 54
40 19 131 131
41 19 131 131
42 19 131 131
45 19 131 131
46 19 131 131
47 19 131 131
52 19 131 131
53 19 131 131
84 19 85 85
86 19 85 85
91 19 85 85
92 19 85 85
93 19 85 85
94 19 249 249
95 19 249 249
96 19 249 249
97 19 249 249
99 19 249 249
100 19 249 249
101 19 249 249
144 19 99 99
145 19 99 99
146 19 99 99
147 19 99 99
148 19 99 99
149 19 99 99
150 19 99 99
151 19 99 99
152 19 99 99
153 19 99 99
154 19 99 99
155 19 99 99
156 19 99 99
157 19 99 99
158 19 99 99
159 19 99 99
256 19 86 86
379 19 124 124
380 19 124 124
381 19 124 124
382 19 124 124
383 19 124 124
387 19 124 124
447 19 71 71
457 19 71 71
478 19 12 12
479 19 12 12
480 19 12 12
39 20 131 131
40 20 131 131
42 20 131 131
45 20 131 131
46 20 131 131
48 20 131 131
49 20 131 131
50 20 131 131
51 20 131 131
52 20 131 131
84 20 85 85
85 20 85 85
86 20 85 85
89 20 85 85
90 20 85 85
91 20 85 85
92 20 249 249
93 20 249 249
94 20 249 249
95 20 249 249
96 20 249 249
97 20 249 249
98 20 249 249
99 20 249 249
100 20 249 249
101 20 249 249
144 20 99 99
145 20 99 99
149 20 99 99
150 20 99 99
152 20 99 99
153 20 99 99
154 20 99 99
157 20 99 99
158 20 99 99
159 20 99 99
378 20 124 124
379 20 124 124
380 20 124 124
381 20 124 124
382 20 124 124
383 20 124 124
387 20 124 124
447 20 71 71
449 20 71 71
450 20 71 71
456 20 71 71
457 20 71 71
478 20 12 12
479 20 12 12
480 20 12 12
27 21 131 131
28 21 131 131
29 21 131 131
30 21 131 131
31 21 131 131
38 21 131 131
39 21 131 131
43 21 131 131
44 21 131 131
45 21 131 131
46 21 131 131
48 21 131 131
51 21 131 131
52 21 131 131
84 21 85 85
85 21 85 85
86 21 85 85
87 21 85 85
88 21 85 85
89 21 85 85
90 21 249 249
91 21 249 249
92 21 249 249
93 21 249 249
94 21 249 249
95 21 249 249
96 21 249 249
97 21 249 249
98 21 249 249
99 21 249 249
100 21 249 249
101 21 249 249
145 21 99 99
146 21 99 99
149 21 99 99
150 21 99 99
152 21 99 99
153 21 99 99
158 21 99 99
379 21 124 124
381 21 124 124
382 21 124 124
383 21 124 124
384 21 124 124
385 21 124 124
386 21 124 124
387 21 124 124
447 21 71 71
448 21 71 71
449 21 71 71
450 21 71 71
451 21 71 71
455 21 71 71
456 21 71 71
477 21 12 12
478 21 12 12
480 21 12 12
26 22 131 131
27 22 131 131
28 22 131 131
31 22 131 131
34 22 131 131
35 22 131 131
38 22 131 131
39 22 131 131
40 22 131 131
46 22 131 131
48 22 131 131
84 22 85 85
86 22 85 85
88 22 249 249
89 22 249 249
90 22 249 249
91 22 249 249
92 22 249 249
93 22 249 249
94 22 249 249
95 22 249 249
96 22 249 249
97 22 249 249
98 22 249 249
99 22 249 249
100 22 249 249
101 22 249 249
146 22 99 99
147 22 99 99
148 22 99 99
149 22 99 99
150 22 99 99
158 22 99 99
382 22 124 124
383 22 124 124
384 22 124 124
385 22 124 124
386 22 124 124
447 22 71 71
451 22 71 71
452 22 71 71
453 22 71 71
454 22 71 71
455 22 71 71
456 22 71 71
477 22 12 12
478 22 12 12
479 22 12 12
480 22 12 12
31 23 131 131
34 23 131 131
35 23 131 131
36 23 131 131
37 23 131 131
38 23 131 131
39 23 131 131
40 23 131 131
47 23 131 131
48 23 131 131
86 23 85 85
88 23 249 249
89 23 249 249
96 23 249 249
97 23 249 249
98 23 249 249
99 23 249 249
100 23 249 249
101 23 81 81
129 23 106 106
133 23 106 106
134 23 106 106
147 23 99 99
149 23 99 99
158 23 99 99
381 23 124 124
382 23 124 124
384 23 124 124
385 23 124 124
386 23 124 124
387 23 124 124
451 23 71 71
452 23 71 71
453 23 71 71
454 23 71 71
455 23 71 71
478 23 12 12
480 23 12 12
30 24 131 131
31 24 131 131
32 24 131 131
33 24 131 131
34 24 131 131
47 24 131 131
95 24 249 249
97 24 249 249
98 24 249 249
99 24 249 249
100 24 81 81
101 24 81 81
125 24 106 106
126 24 106 106
127 24 106 106
128 24 106 106
129 24 106 106
133 24 106 106
134 24 106 106
135 24 106 106
137 24 106 106
138 24 106 106
147 24 99 99
149 24 99 99
150 24 99 99
381 24 124 124
382 24 124 124
384 24 124 124
385 24 124 124
452 24 71 71
453 24 71 71
454 24 71 71
455 24 71 71
477 24 12 12
478 24 12 12
480 24 12 12
88 25 249 249
95 25 249 249
96 25 249 249
97 25 249 249
98 25 249 249
99 25 249 249
100 25 81 81
101 25 81 81
125 25 106 106
126 25 106 106
127 25 106 106
128 25 106 106
132 25 106 106
133 25 106 106
134 25 106 106
135 25 106 106
136 25 106 106
137 25 106 106
138 25 106 106
147 25 99 99
148 25 99 99
149 25 99 99
383 25 124 124
384 25 124 124
385 25 124 124
386 25 124 124
453 25 71 71
478 25 12 12
480 25 12 12
87 26 249 249
88 26 249 249
89 26 249 249
95 26 249 249
96 26 249 249
97 26 249 249
99 26 249 249
100 26 81 81
101 26 81 81
125 26 106 106
130 26 106 106
131 26 106 106
132 26 106 106
133 26 106 106
134 26 106 106
135 26 106 106
136 26 106 106
137 26 106 106
147 26 99 99
148 26 99 99
149 26 99 99
384 26 124 124
385 26 124 124
386 26 124 124
453 26 71 71
478 26 12 12
480 26 12 12
86 27 249 249
87 27 249 249
89 27 249 249
94 27 249 249
96 27 249 249
97 27 249 249
98 27 249 249
99 27 249 249
100 27 81 81
101 27 81 81
124 27 106 106
125 27 106 106
129 27 106 106
130 27 106 106
131 27 106 106
132 27 29 29
133 27 29 29
134 27 106 106
135 27 106 106
136 27 106 106
137 27 106 106
147 27 99 99
149 27 99 99
150 27 99 99
151 27 99 99
453 27 71 71
478 27 12 12
480 27 12 12
86 28 249 249
87 28 249 249
88 28 249 249
92 28 249 249
93 28 249 249
94 28 249 249
97 28 249 249
98 28 249 249
99 28 249 249
100 28 249 249
101 28 81 81
123 28 106 106
124 28 106 106
125 28 106 106
126 28 106 106
128 28 106 106
129 28 106 106
130 28 106 106
131 28 106 106
132 28 106 106
133 28 29 29
134 28 29 29
135 28 29 29
136 28 29 29
137 28 106 106
147 28 99 99
150 28 99 99
151 28 99 99
453 28 71 71
479 28 12 12
480 28 12 12
87 29 249 249
88 29 249 249
89 29 249 249
93 29 249 249
94 29 249 249
95 29 249 249
97 29 249 249
98 29 249 249
99 29 249 249
100 29 81 81
101 29 81 81
123 29 106 106
124 29 106 106
125 29 106 106
126 29 106 106
127 29 106 106
128 29 106 106
129 29 106 106
130 29 29 29
131 29 29 29
132 29 29 29
133 29 29 29
134 29 29 29
136 29 29 29
137 29 106 106
151 29 99 99
468 29 129 129
479 29 12 12
480 29 12 12
87 30 249 249
88 30 249 249
89 30 249 249
90 30 249 249
91 30 249 249
94 30 249 249
95 30 249 249
96 30 249 249
97 30 249 249
98 30 81 81
99 30 81 81
100 30 81 81
123 30 106 106
124 30 106 106
125 30 106 106
126 30 2 2
127 30 2 2
128 30 2 2
129 30 106 106
130 30 29 29
131 30 29 29
132 30 29 29
133 30 29 29
134 30 29 29
135 30 29 29
137 30 106 106
151 30 99 99
374 30 121 121
375 30 121 121
465 30 129 129
466 30 129 129
467 30 129 129
468 30 129 129
480 30 12 12
87 31 249 249
88 31 249 249
91 31 249 249
92 31 249 249
93 31 249 249
94 31 249 249
96 31 249 249
97 31 81 81
98 31 81 81
99 31 81 81
100 31 81 81
124 31 106 106
125 31 2 2
126 31 2 2
127 31 2 2
128 31 2 2
129 31 106 106
130 31 29 29
133 31 29 29
134 31 29 29
135 31 29 29
137 31 106 106
140 31 29 29
141 31 29 29
142 31 29 29
151 31 99 99
300 31 80 80
301 31 80 80
302 31 80 80
303 31 80 80
373 31 121 121
374 31 121 121
466 31 129 129
479 31 12 12
480 31 12 12
88 32 249 249
89 32 249 249
92 32 249 249
93 32 249 249
97 32 81 81
100 32 81 81
122 32 106 106
123 32 106 106
124 32 106 106
125 32 106 106
126 32 2 2
127 32 2 2
128 32 2 2
129 32 2 2
130 32 2 2
131 32 2 2
133 32 29 29
137 32 29 29
138 32 29 29
139 32 29 29
140 32 29 29
141 32 29 29
142 32 29 29
143 32 29 29
296 32 80 80
299 32 80 80
300 32 80 80
301 32 80 80
302 32 80 80
373 32 121 121
466 32 129 129
467 32 129 129
479 32 12 12
480 32 12 12
89 33 249 249
90 33 249 249
91 33 249 249
92 33 249 249
93 33 81 81
94 33 81 81
95 33 81 81
96 33 81 81
97 33 81 81
122 33 106 106
123 33 2 2
124 33 2 2
125 33 2 2
126 33 2 2
127 33 2 2
132 33 29 29
133 33 29 29
134 33 29 29
135 33 29 29
136 33 29 29
137 33 29 29
138 33 29 29
139 33 29 29
141 33 29 29
142 33 29 29
296 33 80 80
299 33 80 80
300 33 80 80
372 33 121 121
373 33 121 121
374 33 121 121
375 33 121 121
376 33 121 121
467 33 129 129
468 33 129 129
469 33 129 129
470 33 129 129
471 33 129 129
478 33 12 12
479 33 12 12
89 34 249 249
90 34 249 249
91 34 249 249
92 34 249 249
93 34 81 81
94 34 81 81
95 34 81 81
97 34 81 81
122 34 2 2
123 34 2 2
124 34 2 2
127 34 2 2
136 34 29 29
137 34 29 29
138 34 29 29
141 34 29 29
142 34 29 29
295 34 80 80
296 34 80 80
297 34 80 80
298 34 80 80
299 34 80 80
300 34 80 80
370 34 121 121
371 34 121 121
372 34 121 121
373 34 121 121
374 34 121 121
376 34 121 121
377 34 121 121
378 34 121 121
466 34 129 129
468 34 129 129
469 34 129 129
470 34 129 129
471 34 129 129
478 34 12 12
479 34 12 12
480 34 12 12
91 35 249 249
92 35 249 249
93 35 81 81
94 35 81 81
95 35 81 81
122 35 2 2
123 35 2 2
127 35 2 2
137 35 29 29
138 35 29 29
142 35 29 29
297 35 80 80
298 35 80 80
299 35 80 80
303 35 80 80
370 35 121 121
371 35 121 121
372 35 121 121
376 35 121 121
377 35 121 121
378 35 121 121
379 35 121 121
465 35 129 129
466 35 129 129
469 35 129 129
470 35 129 129
478 35 12 12
479 35 12 12
91 36 249 249
92 36 81 81
93 36 81 81
94 36 81 81
95 36 81 81
122 36 2 2
123 36 2 2
124 36 2 2
126 36 2 2
127 36 2 2
128 36 2 2
298 36 80 80
299 36 80 80
300 36 80 80
301 36 80 80
302 36 80 80
303 36 80 80
304 36 80 80
368 36 121 121
369 36 121 121
374 36 121 121
375 36 121 121
376 36 121 121
466 36 129 129
467 36 129 129
468 36 129 129
469 36 129 129
478 36 12 12
94 37 81 81
95 37 81 81
122 37 2 2
123 37 2 2
124 37 2 2
125 37 2 2
126 37 2 2
298 37 80 80
299 37 80 80
300 37 80 80
304 37 80 80
305 37 80 80
368 37 121 121
369 37 121 121
370 37 121 121
371 37 121 121
372 37 121 121
373 37 121 121
374 37 121 121
466 37 129 129
467 37 129 129
468 37 129 129
95 38 81 81
96 38 81 81
108 38 69 69
109 38 69 69
122 38 2 2
123 38 2 2
124 38 2 2
125 38 2 2
126 38 2 2
298 38 80 80
299 38 80 80
300 38 80 80
368 38 121 121
369 38 121 121
370 38 121 121
371 38 121 121
372 38 121 121
373 38 121 121
374 38 121 121
375 38 121 121
465 38 129 129
466 38 129 129
92 39 81 81
93 39 81 81
94 39 81 81
95 39 81 81
107 39 69 69
108 39 69 69
110 39 69 69
121 39 2 2
123 39 2 2
297 39 80 80
298 39 80 80
299 39 80 80
369 39 121 121
370 39 121 121
371 39 121 121
372 39 121 121
465 39 129 129
466 39 129 129
467 39 129 129
468 39 129 129
469 39 129 129
91 40 81 81
92 40 81 81
108 40 69 69
109 40 69 69
110 40 69 69
111 40 69 69
121 40 2 2
122 40 2 2
123 40 2 2
132 40 23 23
134 40 23 23
297 40 80 80
369 40 121 121
467 40 129 129
468 40 129 129
469 40 129 129
470 40 129 129
471 40 129 129
92 41 81 81
93 41 81 81
94 41 81 81
103 41 7 7
104 41 7 7
108 41 69 69
109 41 69 69
110 41 69 69
111 41 69 69
121 41 2 2
123 41 2 2
132 41 23 23
133 41 23 23
134 41 23 23
297 41 80 80
369 41 121 121
370 41 121 121
371 41 121 121
372 41 121 121
467 41 129 129
468 41 129 129
469 41 129 129
470 41 129 129
471 41 129 129
473 41 129 129
474 41 129 129
93 42 81 81
94 42 81 81
95 42 81 81
96 42 81 81
103 42 7 7
104 42 7 7
105 42 7 7
108 42 69 69
109 42 69 69
110 42 69 69
111 42 69 69
130 42 23 23
131 42 23 23
132 42 23 23
133 42 23 23
134 42 23 23
296 42 80 80
297 42 80 80
298 42 80 80
299 42 80 80
370 42 121 121
371 42 121 121
464 42 129 129
467 42 129 129
468 42 129 129
469 42 129 129
470 42 129 129
471 42 129 129
473 42 129 129
474 42 129 129
93 43 81 81
94 43 81 81
102 43 7 7
103 43 7 7
104 43 7 7
105 43 7 7
107 43 69 69
108 43 69 69
109 43 69 69
110 43 69 69
111 43 69 69
131 43 23 23
132 43 23 23
133 43 23 23
134 43 23 23
135 43 23 23
138 43 23 23
139 43 23 23
140 43 23 23
295 43 80 80
296 43 80 80
297 43 80 80
298 43 80 80
299 43 80 80
300 43 80 80
369 43 121 121
370 43 121 121
371 43 121 121
463 43 129 129
464 43 129 129
466 43 129 129
467 43 129 129
468 43 129 129
471 43 129 129
473 43 129 129
474 43 129 129
92 44 81 81
93 44 81 81
101 44 7 7
102 44 7 7
103 44 7 7
104 44 7 7
107 44 69 69
108 44 69 69
109 44 69 69
110 44 69 69
111 44 69 69
112 44 69 69
131 44 23 23
138 44 23 23
139 44 23 23
140 44 23 23
141 44 23 23
297 44 80 80
298 44 80 80
299 44 80 80
300 44 80 80
301 44 80 80
369 44 121 121
370 44 121 121
371 44 121 121
374 44 121 121
375 44 121 121
464 44 129 129
465 44 129 129
466 44 129 129
467 44 129 129
468 44 129 129
472 44 129 129
474 44 129 129
92 45 81 81
93 45 81 81
101 45 7 7
102 45 7 7
106 45 69 69
107 45 69 69
108 45 69 69
110 45 69 69
111 45 69 69
112 45 69 69
131 45 23 23
132 45 23 23
133 45 23 23
134 45 23 23
135 45 23 23
139 45 23 23
140 45 23 23
299 45 80 80
300 45 80 80
301 45 80 80
369 45 121 121
370 45 121 121
374 45 121 121
375 45 121 121
462 45 129 129
463 45 129 129
464 45 129 129
465 45 129 129
466 45 129 129
467 45 129 129
468 45 129 129
469 45 129 129
471 45 129 129
472 45 129 129
473 45 129 129
474 45 129 129
92 46 81 81
93 46 81 81
102 46 7 7
103 46 7 7
106 46 69 69
110 46 69 69
111 46 69 69
134 46 23 23
135 46 23 23
139 46 23 23
140 46 23 23
141 46 23 23
299 46 80 80
368 46 121 121
369 46 121 121
370 46 121 121
371 46 121 121
374 46 121 121
375 46 121 121
376 46 121 121
377 46 121 121
465 46 129 129
469 46 129 129
470 46 129 129
471 46 129 129
472 46 129 129
92 47 81 81
93 47 81 81
102 47 7 7
105 47 69 69
106 47 69 69
110 47 69 69
111 47 69 69
134 47 23 23
135 47 23 23
136 47 23 23
137 47 23 23
139 47 23 23
140 47 23 23
141 47 23 23
142 47 23 23
298 47 80 80
299 47 80 80
371 47 121 121
372 47 121 121
373 47 121 121
374 47 121 121
375 47 121 121
470 47 129 129
101 48 7 7
102 48 7 7
103 48 7 7
106 48 69 69
136 48 23 23
137 48 23 23
138 48 23 23
139 48 23 23
140 48 23 23
141 48 23 23
142 48 23 23
101 49 7 7
102 49 7 7
103 49 7 7
106 49 69 69
101 50 7 7
102 50 7 7
106 50 69 69
101 51 7 7
104 51 69 69
105 51 69 69
106 51 69 69
119 51 13 13
101 52 7 7
104 52 69 69
105 52 69 69
106 52 69 69
119 52 13 13
120 52 13 13
100 53 7 7
101 53 7 7
105 53 69 69
106 53 69 69
107 53 69 69
108 53 69 69
119 53 13 13
120 53 13 13
121 53 13 13
99 54 7 7
100 54 7 7
101 54 7 7
102 54 7 7
103 54 7 7
105 54 69 69
107 54 69 69
108 54 69 69
109 54 69 69
110 54 69 69
120 54 13 13
121 54 13 13
98 55 7 7
99 55 7 7
100 55 7 7
101 55 7 7
102 55 7 7
103 55 7 7
104 55 7 7
105 55 69 69
107 55 69 69
108 55 74 74
109 55 74 74
110 55 74 74
121 55 13 13
430 55 17 17
431 55 17 17
432 55 17 17
433 55 17 17
438 55 17 17
100 56 7 7
104 56 7 7
105 56 74 74
106 56 74 74
107 56 74 74
108 56 74 74
109 56 74 74
110 56 74 74
117 56 13 13
118 56 13 13
121 56 13 13
424 56 64 64
425 56 64 64
426 56 64 64
427 56 17 17
428 56 17 17
429 56 17 17
430 56 17 17
431 56 64 64
432 56 17 17
433 56 17 17
434 56 17 17
435 56 17 17
436 56 17 17
437 56 17 17
438 56 17 17
439 56 17 17
103 57 7 7
104 57 7 7
105 57 74 74
106 57 74 74
107 57 74 74
108 57 74 74
109 57 74 74
117 57 13 13
118 57 13 13
119 57 13 13
120 57 13 13
121 57 13 13
426 57 64 64
427 57 64 64
428 57 64 64
429 57 64 64
430 57 64 64
431 57 64 64
432 57 17 17
433 57 17 17
434 57 17 17
435 57 17 17
436 57 17 17
437 57 17 17
104 58 7 7
105 58 74 74
106 58 74 74
107 58 74 74
108 58 74 74
109 58 74 74
117 58 13 13
121 58 13 13
122 58 13 13
123 58 13 13
423 58 64 64
424 58 64 64
425 58 64 64
426 58 64 64
427 58 64 64
428 58 64 64
429 58 64 64
430 58 64 64
431 58 64 64
432 58 17 17
433 58 17 17
434 58 17 17
435 58 17 17
436 58 17 17
472 58 98 98
104 59 7 7
105 59 74 74
106 59 74 74
107 59 74 74
108 59 74 74
117 59 13 13
121 59 13 13
122 59 13 13
123 59 13 13
427 59 64 64
428 59 64 64
429 59 64 64
430 59 64 64
431 59 64 64
432 59 64 64
433 59 17 17
434 59 17 17
435 59 17 17
436 59 17 17
437 59 17 17
464 59 42 42
468 59 98 98
471 59 98 98
472 59 98 98
106 60 74 74
107 60 74 74
117 60 13 13
118 60 13 13
119 60 13 13
121 60 13 13
122 60 13 13
123 60 13 13
427 60 64 64
428 60 64 64
429 60 64 64
430 60 64 64
431 60 64 64
432 60 64 64
433 60 64 64
434 60 64 64
435 60 17 17
436 60 17 17
437 60 17 17
438 60 17 17
439 60 17 17
462 60 42 42
463 60 42 42
464 60 42 42
468 60 98 98
471 60 98 98
106 61 74 74
107 61 74 74
116 61 13 13
117 61 13 13
118 61 13 13
119 61 13 13
122 61 13 13
427 61 64 64
434 61 64 64
435 61 17 17
436 61 17 17
440 61 17 17
441 61 17 17
442 61 64 64
443 61 64 64
462 61 42 42
463 61 42 42
468 61 98 98
469 61 98 98
470 61 98 98
471 61 98 98
106 62 74 74
107 62 74 74
108 62 74 74
116 62 13 13
119 62 13 13
122 62 13 13
434 62 64 64
435 62 64 64
436 62 17 17
437 62 17 17
438 62 17 17
439 62 17 17
440 62 17 17
441 62 17 17
442 62 64 64
443 62 64 64
458 62 42 42
459 62 42 42
460 62 42 42
461 62 42 42
462 62 42 42
463 62 42 42
468 62 98 98
469 62 98 98
470 62 98 98
471 62 98 98
105 63 74 74
106 63 74 74
107 63 74 74
108 63 74 74
109 63 74 74
116 63 13 13
119 63 13 13
294 63 43 43
295 63 43 43
435 63 64 64
436 63 64 64
437 63 64 64
438 63 64 64
439 63 64 64
440 63 17 17
441 63 17 17
442 63 64 64
443 63 64 64
451 63 95 95
452 63 95 95
453 63 95 95
454 63 42 42
455 63 42 42
457 63 42 42
458 63 42 42
459 63 42 42
460 63 42 42
461 63 42 42
466 63 98 98
467 63 98 98
468 63 98 98
471 63 98 98
107 64 74 74
108 64 74 74
109 64 74 74
116 64 13 13
292 64 43 43
293 64 43 43
294 64 43 43
439 64 64 64
440 64 64 64
441 64 64 64
442 64 64 64
443 64 64 64
444 64 64 64
451 64 95 95
452 64 95 95
453 64 42 42
454 64 42 42
455 64 42 42
457 64 42 42
458 64 42 42
459 64 42 42
466 64 98 98
467 64 98 98
468 64 98 98
469 64 98 98
470 64 98 98
104 65 74 74
105 65 74 74
106 65 74 74
109 65 74 74
116 65 13 13
292 65 43 43
293 65 43 43
294 65 43 43
440 65 64 64
441 65 64 64
443 65 64 64
450 65 95 95
451 65 95 95
452 65 95 95
453 65 42 42
454 65 42 42
455 65 42 42
459 65 42 42
460 65 42 42
461 65 42 42
466 65 98 98
467 65 98 98
468 65 98 98
469 65 98 98
470 65 98 98
471 65 98 98
472 65 11 11
473 65 11 11
103 66 74 74
105 66 74 74
108 66 74 74
109 66 74 74
116 66 13 13
292 66 43 43
293 66 43 43
294 66 43 43
295 66 43 43
299 66 43 43
300 66 43 43
301 66 43 43
440 66 64 64
450 66 95 95
451 66 95 95
452 66 95 95
453 66 42 42
458 66 42 42
459 66 42 42
460 66 42 42
461 66 42 42
462 66 42 42
463 66 42 42
464 66 42 42
466 66 98 98
467 66 98 98
468 66 98 98
469 66 98 98
470 66 11 11
471 66 11 11
472 66 11 11
103 67 74 74
104 67 74 74
105 67 74 74
106 67 74 74
107 67 74 74
108 67 74 74
116 67 13 13
292 67 43 43
293 67 43 43
294 67 43 43
295 67 43 43
296 67 43 43
297 67 43 43
298 67 43 43
299 67 43 43
300 67 43 43
301 67 43 43
302 67 43 43
303 67 43 43
440 67 64 64
450 67 95 95
451 67 95 95
452 67 95 95
453 67 42 42
454 67 42 42
457 67 42 42
458 67 42 42
459 67 42 42
460 67 42 42
461 67 42 42
462 67 42 42
463 67 42 42
464 67 42 42
466 67 98 98
467 67 98 98
468 67 98 98
469 67 98 98
470 67 11 11
103 68 74 74
104 68 74 74
105 68 74 74
106 68 74 74
107 68 74 74
108 68 74 74
116 68 13 13
292 68 43 43
293 68 43 43
294 68 43 43
295 68 43 43
296 68 43 43
297 68 43 43
298 68 43 43
299 68 43 43
300 68 43 43
450 68 95 95
451 68 95 95
452 68 95 95
453 68 95 95
454 68 42 42
455 68 42 42
456 68 42 42
457 68 42 42
464 68 42 42
466 68 98 98
467 68 98 98
468 68 98 98
469 68 98 98
470 68 11 11
107 69 74 74
108 69 74 74
116 69 13 13
288 69 43 43
289 69 43 43
290 69 43 43
291 69 43 43
292 69 43 43
293 69 43 43
296 69 43 43
297 69 43 43
298 69 43 43
299 69 43 43
300 69 43 43
453 69 95 95
454 69 95 95
455 69 95 95
456 69 95 95
457 69 95 95
466 69 98 98
467 69 98 98
468 69 98 98
469 69 98 98
470 69 11 11
471 69 11 11
107 70 74 74
108 70 74 74
116 70 13 13
288 70 43 43
289 70 43 43
290 70 43 43
291 70 43 43
295 70 73 73
296 70 43 43
453 70 95 95
454 70 95 95
455 70 95 95
456 70 95 95
457 70 95 95
458 70 95 95
465 70 98 98
466 70 98 98
467 70 98 98
468 70 98 98
469 70 98 98
470 70 11 11
471 70 11 11
472 70 11 11
478 70 240 240
116 71 13 13
288 71 43 43
289 71 43 43
293 71 73 73
294 71 73 73
295 71 73 73
302 71 73 73
303 71 73 73
453 71 95 95
454 71 95 95
457 71 95 95
458 71 95 95
464 71 98 98
465 71 98 98
466 71 98 98
467 71 98 98
468 71 98 98
469 71 11 11
470 71 11 11
471 71 11 11
478 71 240 240
479 71 240 240
480 71 240 240
294 72 73 73
295 72 73 73
299 72 73 73
300 72 73 73
301 72 73 73
302 72 73 73
456 72 95 95
457 72 95 95
458 72 95 95
459 72 95 95
464 72 98 98
465 72 98 98
466 72 98 98
467 72 98 98
468 72 11 11
469 72 11 11
470 72 11 11
471 72 11 11
479 72 240 240
480 72 240 240
294 73 73 73
300 73 73 73
301 73 73 73
456 73 95 95
457 73 95 95
458 73 95 95
459 73 95 95
464 73 98 98
465 73 98 98
466 73 98 98
467 73 11 11
468 73 11 11
469 73 11 11
470 73 11 11
471 73 11 11
472 73 11 11
480 73 240 240
294 74 73 73
300 74 73 73
301 74 73 73
455 74 95 95
456 74 95 95
457 74 95 95
458 74 95 95
459 74 95 95
465 74 98 98
466 74 98 98
467 74 11 11
468 74 11 11
469 74 11 11
470 74 11 11
471 74 11 11
479 74 240 240
480 74 240 240
293 75 73 73
294 75 73 73
300 75 73 73
455 75 95 95
457 75 95 95
458 75 95 95
459 75 95 95
465 75 98 98
466 75 11 11
467 75 11 11
469 75 11 11
470 75 11 11
471 75 11 11
479 75 240 240
480 75 240 240
291 76 73 73
292 76 73 73
293 76 73 73
294 76 73 73
295 76 73 73
298 76 73 73
299 76 73 73
300 76 73 73
319 76 38 38
320 76 38 38
454 76 95 95
455 76 95 95
457 76 95 95
458 76 95 95
459 76 95 95
460 76 95 95
464 76 98 98
465 76 98 98
466 76 11 11
470 76 11 11
471 76 11 11
480 76 240 240
295 77 73 73
296 77 73 73
297 77 73 73
298 77 73 73
300 77 73 73
301 77 73 73
319 77 38 38
320 77 38 38
322 77 38 38
454 77 95 95
457 77 95 95
458 77 95 95
459 77 95 95
460 77 95 95
464 77 98 98
465 77 98 98
466 77 11 11
471 77 11 11
480 77 240 240
296 78 73 73
297 78 73 73
298 78 73 73
299 78 73 73
301 78 73 73
319 78 38 38
320 78 38 38
322 78 38 38
323 78 38 38
454 78 95 95
457 78 95 95
464 78 11 11
465 78 11 11
466 78 11 11
480 78 240 240
298 79 73 73
299 79 73 73
319 79 38 38
320 79 38 38
322 79 38 38
323 79 38 38
454 79 95 95
457 79 95 95
464 79 11 11
465 79 11 11
466 79 11 11
467 79 11 11
480 79 240 240
298 80 73 73
299 80 73 73
300 80 73 73
301 80 73 73
320 80 38 38
322 80 38 38
323 80 38 38
324 80 38 38
457 80 95 95
458 80 95 95
465 80 11 11
478 80 240 240
479 80 240 240
480 80 240 240
298 81 73 73
299 81 73 73
300 81 73 73
318 81 38 38
320 81 38 38
322 81 38 38
323 81 38 38
324 81 38 38
465 81 11 11
478 81 240 240
479 81 240 240
480 81 240 240
190 82 51 51
191 82 51 51
297 82 73 73
299 82 73 73
300 82 73 73
318 82 38 38
319 82 38 38
320 82 38 38
321 82 38 38
322 82 38 38
323 82 38 38
324 82 38 38
325 82 38 38
326 82 38 38
463 82 120 120
480 82 240 240
190 83 51 51
297 83 73 73
299 83 73 73
300 83 73 73
321 83 38 38
322 83 38 38
323 83 38 38
324 83 38 38
325 83 38 38
463 83 120 120
464 83 120 120
480 83 240 240
296 84 73 73
297 84 73 73
298 84 73 73
299 84 73 73
300 84 73 73
322 84 38 38
323 84 38 38
324 84 38 38
325 84 38 38
326 84 38 38
463 84 120 120
480 84 240 240
200 85 225 225
299 85 73 73
300 85 73 73
322 85 38 38
325 85 38 38
326 85 38 38
463 85 120 120
464 85 120 120
465 85 120 120
466 85 120 120
467 85 120 120
468 85 120 120
469 85 120 120
470 85 120 120
480 85 240 240
197 86 225 225
198 86 225 225
199 86 225 225
200 86 225 225
208 86 202 202
321 86 38 38
322 86 38 38
325 86 38 38
326 86 38 38
464 86 120 120
467 86 120 120
468 86 120 120
469 86 120 120
470 86 120 120
480 86 240 240
197 87 225 225
208 87 202 202
320 87 38 38
321 87 38 38
322 87 38 38
464 87 120 120
467 87 120 120
468 87 120 120
469 87 120 120
480 87 240 240
89 88 82 82
96 88 82 82
208 88 202 202
320 88 38 38
464 88 120 120
465 88 120 120
466 88 120 120
467 88 120 120
469 88 120 120
478 88 240 240
479 88 240 240
480 88 240 240
89 89 82 82
90 89 82 82
91 89 82 82
92 89 82 82
95 89 82 82
96 89 82 82
320 89 38 38
467 89 120 120
468 89 120 120
478 89 240 240
479 89 240 240
480 89 240 240
89 90 82 82
90 90 82 82
91 90 82 82
92 90 82 82
95 90 82 82
467 90 120 120
468 90 120 120
469 90 120 120
478 90 240 240
479 90 240 240
480 90 240 240
89 91 82 82
90 91 82 82
91 91 82 82
92 91 82 82
95 91 82 82
466 91 120 120
467 91 120 120
468 91 120 120
469 91 120 120
470 91 120 120
471 91 120 120
472 91 120 120
478 91 240 240
479 91 240 240
480 91 240 240
88 92 82 82
89 92 82 82
90 92 82 82
93 92 82 82
95 92 82 82
96 92 82 82
97 92 82 82
98 92 82 82
466 92 120 120
467 92 120 120
468 92 120 120
470 92 120 120
471 92 120 120
480 92 240 240
88 93 82 82
89 93 82 82
90 93 82 82
93 93 82 82
96 93 82 82
97 93 82 82
466 93 120 120
467 93 120 120
468 93 120 120
469 93 120 120
470 93 120 120
478 93 240 240
479 93 240 240
480 93 240 240
89 94 82 82
90 94 82 82
92 94 82 82
93 94 82 82
97 94 82 82
467 94 120 120
479 94 240 240
480 94 240 240
89 95 82 82
90 95 82 82
91 95 82 82
92 95 82 82
95 95 82 82
96 95 82 82
97 95 82 82
467 95 120 120
480 95 240 240
88 96 82 82
89 96 82 82
90 96 82 82
91 96 82 82
92 96 82 82
93 96 82 82
94 96 82 82
95 96 82 82
96 96 82 82
467 96 120 120
468 96 120 120
480 96 240 240
88 97 82 82
89 97 82 82
90 97 82 82
91 97 82 82
92 97 82 82
133 97 109 109
293 97 130 130
465 97 120 120
466 97 120 120
467 97 120 120
468 97 120 120
469 97 120 120
470 97 120 120
471 97 120 120
479 97 240 240
480 97 240 240
87 98 82 82
88 98 82 82
89 98 82 82
90 98 82 82
91 98 82 82
133 98 109 109
134 98 109 109
293 98 130 130
294 98 130 130
295 98 130 130
296 98 130 130
464 98 120 120
465 98 120 120
466 98 120 120
467 98 120 120
468 98 120 120
469 98 120 120
470 98 120 120
471 98 120 120
478 98 240 240
479 98 240 240
480 98 240 240
91 99 82 82
134 99 109 109
294 99 130 130
295 99 130 130
296 99 130 130
463 99 120 120
465 99 120 120
466 99 120 120
467 99 120 120
468 99 140 140
469 99 140 140
470 99 140 140
471 99 140 140
472 99 140 140
473 99 140 140
478 99 240 240
480 99 240 240
134 100 109 109
296 100 130 130
297 100 130 130
463 100 120 120
465 100 120 120
466 100 120 120
467 100 140 140
468 100 140 140
473 100 140 140
478 100 240 240
479 100 240 240
480 100 240 240
174 101 186 186
175 101 186 186
297 101 130 130
298 101 130 130
463 101 120 120
464 101 120 120
465 101 120 120
466 101 140 140
467 101 140 140
468 101 140 140
471 101 140 140
478 101 240 240
479 101 240 240
480 101 240 240
226 102 239 239
294 102 130 130
295 102 130 130
296 102 130 130
297 102 130 130
463 102 120 120
464 102 120 120
465 102 140 140
466 102 140 140
467 102 140 140
469 102 140 140
470 102 140 140
471 102 140 140
478 102 240 240
480 102 240 240
225 103 239 239
226 103 239 239
227 103 239 239
228 103 239 239
229 103 239 239
296 103 130 130
464 103 120 120
465 103 140 140
466 103 140 140
467 103 140 140
469 103 140 140
470 103 140 140
471 103 140 140
472 103 140 140
228 104 239 239
229 104 239 239
296 104 130 130
300 104 130 130
306 104 130 130
467 104 140 140
468 104 140 140
469 104 140 140
472 104 140 140
225 105 239 239
226 105 239 239
227 105 239 239
228 105 239 239
296 105 130 130
297 105 130 130
298 105 130 130
299 105 130 130
300 105 130 130
304 105 130 130
305 105 130 130
306 105 130 130
467 105 140 140
468 105 140 140
469 105 140 140
470 105 140 140
202 106 184 184
203 106 184 184
224 106 239 239
225 106 239 239
226 106 239 239
227 106 239 239
228 106 239 239
229 106 239 239
296 106 130 130
297 106 130 130
298 106 130 130
300 106 130 130
304 106 130 130
305 106 130 130
306 106 130 130
467 106 140 140
468 106 140 140
469 106 140 140
470 106 140 140
224 107 239 239
227 107 239 239
228 107 239 239
297 107 130 130
298 107 130 130
300 107 130 130
302 107 130 130
303 107 130 130
304 107 130 130
305 107 130 130
386 107 9 9
387 107 9 9
388 107 9 9
465 107 140 140
466 107 140 140
467 107 140 140
468 107 140 140
469 107 140 140
223 108 239 239
224 108 239 239
296 108 130 130
297 108 130 130
298 108 130 130
299 108 130 130
300 108 130 130
301 108 130 130
302 108 130 130
304 108 130 130
305 108 130 130
386 108 9 9
387 108 9 9
388 108 9 9
389 108 9 9
466 108 140 140
467 108 140 140
468 108 140 140
469 108 140 140
223 109 239 239
224 109 239 239
297 109 130 130
298 109 130 130
299 109 130 130
300 109 130 130
302 109 130 130
305 109 130 130
383 109 9 9
384 109 9 9
385 109 9 9
386 109 9 9
464 109 140 140
465 109 140 140
466 109 140 140
467 109 140 140
222 110 239 239
223 110 239 239
297 110 130 130
299 110 130 130
300 110 130 130
301 110 130 130
302 110 130 130
303 110 130 130
305 110 130 130
379 110 9 9
380 110 9 9
381 110 9 9
382 110 9 9
384 110 9 9
385 110 9 9
386 110 9 9
465 110 140 140
466 110 140 140
467 110 140 140
300 111 130 130
301 111 130 130
302 111 130 130
303 111 130 130
305 111 130 130
380 111 9 9
381 111 9 9
384 111 9 9
466 111 140 140
467 111 140 140
162 112 175 175
163 112 175 175
173 112 177 177
174 112 177 177
175 112 177 177
297 112 130 130
300 112 130 130
301 112 130 130
302 112 130 130
303 112 130 130
380 112 9 9
381 112 9 9
382 112 9 9
384 112 9 9
467 112 140 140
468 112 140 140
469 112 140 140
163 113 175 175
164 113 175 175
173 113 177 177
174 113 177 177
297 113 130 130
300 113 130 130
382 113 9 9
384 113 9 9
385 113 9 9
468 113 140 140
469 113 140 140
164 114 175 175
297 114 130 130
298 114 130 130
299 114 130 130
300 114 130 130
382 114 9 9
383 114 9 9
384 114 9 9
464 114 140 140
467 114 140 140
468 114 140 140
469 114 140 140
470 114 140 140
471 114 140 140
472 114 140 140
298 115 130 130
299 115 130 130
300 115 130 130
382 115 9 9
383 115 9 9
384 115 9 9
464 115 140 140
465 115 140 140
466 115 140 140
467 115 140 140
468 115 140 140
471 115 140 140
472 115 140 140
473 115 140 140
185 116 162 162
298 116 130 130
299 116 130 130
300 116 130 130
382 116 9 9
383 116 9 9
463 116 140 140
464 116 140 140
469 116 140 140
470 116 140 140
471 116 140 140
473 116 140 140
38 117 16 16
39 117 16 16
40 117 16 16
41 117 16 16
42 117 16 16
44 117 16 16
184 117 162 162
185 117 162 162
299 117 130 130
300 117 130 130
381 117 9 9
382 117 9 9
463 117 140 140
464 117 140 140
465 117 140 140
468 117 140 140
469 117 140 140
470 117 140 140
40 118 16 16
42 118 16 16
43 118 16 16
44 118 16 16
183 118 162 162
184 118 162 162
300 118 130 130
381 118 9 9
463 118 140 140
464 118 122 122
465 118 122 122
467 118 122 122
468 118 122 122
469 118 122 122
470 118 140 140
40 119 16 16
41 119 16 16
42 119 16 16
44 119 16 16
142 119 102 102
143 119 102 102
183 119 162 162
300 119 130 130
329 119 100 100
330 119 100 100
381 119 9 9
463 119 140 140
464 119 122 122
465 119 122 122
466 119 122 122
467 119 122 122
468 119 122 122
469 119 140 140
470 119 140 140
41 120 16 16
42 120 16 16
43 120 16 16
51 120 40 40
143 120 102 102
144 120 102 102
328 120 100 100
329 120 100 100
330 120 100 100
378 120 9 9
379 120 9 9
381 120 9 9
465 120 122 122
467 120 122 122
468 120 140 140
469 120 140 140
470 120 140 140
39 121 16 16
40 121 16 16
41 121 16 16
42 121 16 16
44 121 16 16
50 121 40 40
51 121 40 40
143 121 102 102
326 121 100 100
327 121 100 100
328 121 100 100
329 121 100 100
330 121 100 100
331 121 100 100
333 121 100 100
378 121 9 9
379 121 9 9
380 121 9 9
381 121 9 9
466 121 122 122
467 121 122 122
468 121 122 122
469 121 122 122
470 121 122 122
471 121 122 122
37 122 16 16
38 122 16 16
39 122 16 16
40 122 16 16
41 122 16 16
42 122 16 16
43 122 16 16
44 122 16 16
50 122 40 40
51 122 40 40
326 122 100 100
327 122 100 100
328 122 100 100
329 122 100 100
330 122 100 100
331 122 100 100
332 122 100 100
333 122 100 100
380 122 9 9
468 122 122 122
471 122 122 122
472 122 122 122
36 123 16 16
37 123 16 16
39 123 16 16
40 123 16 16
41 123 16 16
42 123 16 16
43 123 16 16
44 123 16 16
45 123 16 16
50 123 40 40
51 123 40 40
326 123 100 100
327 123 100 100
329 123 100 100
330 123 100 100
332 123 100 100
333 123 100 100
469 123 122 122
470 123 122 122
472 123 122 122
473 123 122 122
38 124 16 16
39 124 16 16
45 124 16 16
46 124 16 16
47 124 16 16
51 124 40 40
52 124 40 40
53 124 40 40
54 124 40 40
55 124 40 40
323 124 100 100
324 124 100 100
330 124 100 100
332 124 100 100
333 124 100 100
431 124 0 0
469 124 122 122
470 124 122 122
472 124 122 122
45 125 16 16
46 125 16 16
47 125 16 16
51 125 40 40
52 125 40 40
53 125 40 40
54 125 40 40
55 125 40 40
323 125 100 100
326 125 100 100
327 125 100 100
329 125 100 100
330 125 100 100
331 125 100 100
332 125 100 100
333 125 100 100
430 125 0 0
431 125 0 0
432 125 0 0
433 125 0 0
434 125 0 0
435 125 0 0
436 125 0 0
437 125 0 0
438 125 0 0
469 125 122 122
470 125 122 122
472 125 122 122
473 125 122 122
47 126 16 16
52 126 40 40
53 126 40 40
323 126 100 100
324 126 100 100
325 126 100 100
326 126 100 100
328 126 100 100
329 126 100 100
330 126 100 100
331 126 100 100
332 126 100 100
333 126 100 100
432 126 0 0
433 126 0 0
434 126 0 0
435 126 0 0
438 126 0 0
439 126 0 0
466 126 122 122
467 126 122 122
468 126 122 122
469 126 122 122
470 126 122 122
471 126 122 122
472 126 122 122
47 127 16 16
51 127 40 40
52 127 40 40
53 127 40 40
193 127 212 212
322 127 100 100
323 127 100 100
324 127 100 100
325 127 100 100
326 127 100 100
327 127 100 100
328 127 100 100
331 127 100 100
332 127 100 100
333 127 100 100
432 127 0 0
433 127 0 0
434 127 0 0
435 127 0 0
436 127 0 0
466 127 122 122
467 127 122 122
468 127 122 122
469 127 122 122
470 127 122 122
471 127 122 122
48 128 40 40
52 128 40 40
53 128 40 40
193 128 212 212
325 128 100 100
326 128 100 100
329 128 100 100
330 128 100 100
331 128 100 100
332 128 100 100
429 128 0 0
430 128 0 0
431 128 0 0
432 128 0 0
434 128 0 0
435 128 0 0
466 128 122 122
467 128 122 122
468 128 122 122
470 128 122 122
471 128 122 122
48 129 40 40
49 129 40 40
50 129 40 40
51 129 40 40
52 129 40 40
175 129 21 21
176 129 21 21
193 129 212 212
325 129 100 100
326 129 100 100
328 129 100 100
329 129 100 100
332 129 100 100
430 129 0 0
431 129 0 0
433 129 0 0
434 129 0 0
435 129 0 0
467 129 122 122
468 129 122 122
471 129 122 122
48 130 40 40
49 130 40 40
50 130 40 40
51 130 40 40
52 130 40 40
175 130 21 21
193 130 212 212
329 130 100 100
376 130 20 20
380 130 20 20
381 130 20 20
431 130 0 0
433 130 0 0
434 130 0 0
467 130 122 122
468 130 122 122
471 130 122 122
52 131 40 40
53 131 40 40
54 131 40 40
193 131 212 212
369 131 20 20
374 131 20 20
376 131 20 20
380 131 20 20
381 131 20 20
430 131 0 0
431 131 0 0
433 131 0 0
434 131 0 0
465 131 122 122
466 131 122 122
467 131 122 122
468 131 122 122
469 131 122 122
470 131 122 122
53 132 40 40
54 132 40 40
193 132 212 212
369 132 20 20
370 132 20 20
371 132 20 20
372 132 20 20
373 132 20 20
374 132 20 20
375 132 20 20
376 132 20 20
380 132 20 20
381 132 20 20
382 132 20 20
431 132 0 0
432 132 0 0
433 132 0 0
434 132 0 0
465 132 122 122
466 132 122 122
467 132 122 122
468 132 122 122
470 132 122 122
471 132 122 122
52 133 40 40
53 133 40 40
192 133 212 212
193 133 212 212
369 133 20 20
370 133 20 20
371 133 20 20
372 133 20 20
375 133 20 20
376 133 20 20
377 133 20 20
378 133 20 20
379 133 20 20
380 133 20 20
381 133 20 20
432 133 0 0
433 133 0 0
434 133 0 0
465 133 122 122
466 133 122 122
467 133 122 122
52 134 40 40
203 134 241 241
207 134 241 241
369 134 20 20
370 134 20 20
371 134 20 20
372 134 20 20
375 134 20 20
376 134 20 20
377 134 20 20
378 134 20 20
434 134 0 0
466 134 122 122
467 134 122 122
52 135 40 40
203 135 241 241
204 135 241 241
207 135 241 241
369 135 20 20
374 135 20 20
375 135 20 20
376 135 20 20
377 135 20 20
378 135 20 20
379 135 20 20
434 135 0 0
465 135 122 122
466 135 122 122
467 135 122 122
468 135 122 122
51 136 40 40
52 136 40 40
53 136 40 40
54 136 40 40
202 136 241 241
203 136 241 241
204 136 241 241
206 136 241 241
207 136 241 241
373 136 20 20
374 136 20 20
377 136 20 20
378 136 20 20
466 136 122 122
51 137 40 40
52 137 40 40
53 137 40 40
54 137 40 40
201 137 241 241
203 137 241 241
204 137 241 241
206 137 241 241
378 137 20 20
465 137 122 122
466 137 122 122
51 138 40 40
52 138 40 40
178 138 172 172
179 138 172 172
180 138 172 172
181 138 172 172
199 138 241 241
200 138 241 241
201 138 241 241
202 138 241 241
203 138 241 241
204 138 241 241
205 138 241 241
206 138 241 241
465 138 122 122
179 139 172 172
180 139 172 172
181 139 172 172
182 139 172 172
183 139 172 172
200 139 241 241
201 139 241 241
205 139 241 241
206 139 241 241
207 139 241 241
465 139 122 122
181 140 172 172
182 140 172 172
183 140 172 172
207 140 241 241
182 141 172 172
207 141 241 241
208 141 241 241
209 141 241 241
69 142 197 197
70 142 197 197
88 144 147 147
89 144 147 147
90 144 147 147
91 144 147 147
148 144 46 46
149 144 46 46
67 145 141 141
68 145 141 141
69 145 141 141
70 145 141 141
148 145 46 46
25 146 3 3
26 146 3 3
27 146 3 3
28 146 3 3
29 146 3 3
93 146 151 151
94 146 151 151
95 146 151 151
79 147 144 144
80 147 144 144
81 147 144 144
82 147 144 144
83 147 144 144
84 147 144 144
74 148 201 201
75 148 201 201
76 148 201 201
426 148 166 166
427 148 166 166
428 148 166 166
429 148 166 166
430 148 166 166
431 148 166 166
68 149 139 139
69 149 139 139
70 149 139 139
71 149 139 139
72 149 139 139
412 149 167 167
413 149 167 167
414 149 167 167
415 149 167 167
416 149 167 167
29 150 138 138
30 150 138 138
31 150 138 138
32 150 138 138
312 150 68 68
313 150 68 68
385 150 170 170
386 150 170 170
387 150 170 170
388 150 170 170
389 150 170 170
313 151 68 68
348 151 150 150
349 151 150 150
413 151 208 208
414 151 208 208
415 151 208 208
416 151 208 208
348 152 150 150
426 152 153 153
427 152 153 153
428 152 153 153
429 152 153 153
430 152 153 153
252 153 154 154
253 153 154 154
348 153 150 150
441 153 221 221
442 153 221 221
253 154 154 154
399 154 160 160
400 154 160 160
401 154 160 160
402 154 160 160
403 154 160 160
376 155 157 157
377 155 157 157
378 155 157 157
379 155 157 157
271 156 194 194
332 156 24 24
426 156 179 179
427 156 179 179
428 156 179 179
429 156 179 179
430 156 179 179
431 156 179 179
218 157 5 5
219 157 5 5
220 157 5 5
269 157 194 194
270 157 194 194
271 157 194 194
272 157 194 194
329 157 24 24
330 157 24 24
331 157 24 24
332 157 24 24
432 157 105 105
433 157 105 105
434 157 105 105
435 157 105 105
271 158 194 194
416 158 50 50
417 158 50 50
418 158 50 50
419 158 50 50
420 158 50 50
421 158 50 50
422 158 50 50
363 161 84 84
364 161 84 84
238 162 145 145
239 162 145 145
363 162 84 84
248 167 188 188
270 167 61 61
271 167 61 61
248 168 188 188
249 168 188 188
250 168 188 188
251 168 188 188
250 169 188 188
251 169 188 188
252 169 188 188
341 169 155 155
342 169 155 155
309 170 125 125
341 170 155 155
309 171 125 125
357 171 158 158
358 171 158 158
359 171 158 158
237 172 136 136
309 172 125 125
237 173 136 136
309 173 125 125
310 173 125 125
311 173 125 125
223 174 35 35
224 174 35 35
224 178 134 134
286 178 174 174
224 179 134 134
252 179 213 213
253 179 213 213
286 179 174 174
251 180 213 213
252 180 213 213
286 180 174 174
303 180 70 70
304 180 70 70
305 180 70 70
306 180 70 70
480 182 176 176
480 183 176 176
162 184 247 247
480 184 176 176
160 185 247 247
161 185 247 247
162 185 247 247
165 185 247 247
480 185 176 176
161 186 247 247
162 186 247 247
165 186 247 247
241 186 32 32
242 186 32 32
243 186 32 32
360 186 8 8
376 186 137 137
377 186 137 137
425 186 246 246
426 186 246 246
480 186 176 176
161 187 247 247
162 187 247 247
163 187 247 247
165 187 247 247
296 187 235 235
360 187 8 8
361 187 8 8
424 187 246 246
425 187 246 246
480 187 176 176
94 188 248 248
161 188 247 247
162 188 247 247
163 188 247 247
164 188 247 247
165 188 247 247
166 188 247 247
167 188 247 247
168 188 247 247
295 188 235 235
296 188 235 235
297 188 235 235
422 188 246 246
423 188 246 246
424 188 246 246
425 188 246 246
93 189 248 248
94 189 248 248
95 189 248 248
161 189 247 247
162 189 247 247
163 189 247 247
165 189 247 247
166 189 247 247
167 189 247 247
296 189 235 235
418 189 246 246
422 189 246 246
93 190 248 248
94 190 248 248
162 190 247 247
165 190 247 247
166 190 247 247
167 190 247 247
418 190 246 246
419 190 246 246
420 190 246 246
421 190 246 246
422 190 246 246
90 191 248 248
91 191 248 248
92 191 248 248
93 191 248 248
94 191 248 248
165 191 247 247
166 191 247 247
167 191 247 247
417 191 246 246
418 191 246 246
452 191 6 6
454 191 6 6
92 192 248 248
94 192 248 248
417 192 246 246
418 192 246 246
419 192 246 246
420 192 246 246
451 192 6 6
452 192 6 6
453 192 6 6
454 192 6 6
455 192 6 6
93 193 248 248
94 193 248 248
95 193 248 248
416 193 246 246
417 193 246 246
419 193 246 246
420 193 246 246
451 193 6 6
452 193 6 6
453 193 6 6
458 193 6 6
459 193 6 6
95 194 248 248
277 194 203 203
417 194 246 246
451 194 6 6
452 194 6 6
453 194 6 6
457 194 6 6
458 194 6 6
459 194 6 6
460 194 6 6
94 195 248 248
95 195 248 248
97 195 248 248
276 195 203 203
277 195 203 203
417 195 246 246
418 195 246 246
452 195 6 6
453 195 6 6
454 195 6 6
455 195 6 6
456 195 6 6
457 195 6 6
458 195 6 6
460 195 6 6
461 195 6 6
93 196 248 248
94 196 248 248
95 196 248 248
96 196 248 248
97 196 248 248
277 196 203 203
322 196 163 163
323 196 163 163
324 196 163 163
415 196 246 246
417 196 246 246
418 196 246 246
419 196 246 246
455 196 6 6
457 196 6 6
461 196 6 6
96 197 248 248
97 197 248 248
98 197 248 248
99 197 248 248
100 197 248 248
332 197 14 14
415 197 246 246
416 197 246 246
417 197 246 246
418 197 246 246
419 197 246 246
420 197 246 246
421 197 246 246
422 197 246 246
423 197 246 246
454 197 6 6
455 197 6 6
461 197 6 6
331 198 14 14
332 198 14 14
333 198 14 14
369 198 47 47
370 198 47 47
417 198 246 246
418 198 246 246
419 198 246 246
420 198 246 246
421 198 246 246
422 198 246 246
454 198 6 6
460 198 6 6
461 198 6 6
331 199 14 14
332 199 14 14
370 199 47 47
418 199 246 246
419 199 246 246
452 199 6 6
454 199 6 6
455 199 6 6
459 199 6 6
460 199 6 6
451 200 6 6
452 200 6 6
453 200 6 6
454 200 6 6
455 200 6 6
251 201 88 88
252 201 88 88
253 201 88 88
452 201 6 6
252 202 88 88
231 203 214 214
232 203 214 214
180 204 229 229
181 204 229 229
230 204 214 214
231 204 214 214
180 205 229 229
181 205 229 229
183 205 229 229
184 205 229 229
185 205 229 229
186 205 229 229
187 205 229 229
180 206 229 229
181 206 229 229
182 206 229 229
183 206 229 229
258 206 41 41
259 206 41 41
181 207 229 229
183 207 229 229
271 209 219 219
272 209 219 219
273 209 219 219
274 209 219 219
223 210 63 63
271 210 219 219
273 210 219 219
223 211 63 63
271 211 219 219
273 211 219 219
320 215 228 228
319 216 228 228
320 216 228 228
313 217 228 228
314 217 228 228
315 217 228 228
316 217 228 228
317 217 228 228
318 217 228 228
319 217 228 228
312 218 228 228
313 218 228 228
314 218 228 228
318 218 228 228
274 219 108 108
275 219 108 108
312 219 228 228
313 219 228 228
314 219 228 228
315 219 228 228
274 220 108 108
275 220 108 108
276 220 108 108
314 220 228 228
275 221 108 108
451 221 31 31
452 221 31 31
453 221 31 31
454 221 31 31
455 221 31 31
4 224 159 159
4 225 159 159
5 225 159 159
6 225 159 159
2 226 159 159
3 226 159 159
4 226 159 159
5 226 159 159
50 226 234 234
56 226 234 234
393 226 242 242
394 226 242 242
395 226 242 242
396 226 242 242
1 227 159 159
2 227 159 159
3 227 159 159
4 227 159 159
5 227 159 159
50 227 234 234
56 227 234 234
347 227 26 26
392 227 242 242
393 227 242 242
394 227 242 242
396 227 242 242
397 227 242 242
2 228 159 159
5 228 159 159
50 228 234 234
53 228 234 234
54 228 234 234
55 228 234 234
56 228 234 234
347 228 26 26
348 228 26 26
392 228 242 242
393 228 242 242
394 228 242 242
395 228 242 242
396 228 242 242
5 229 159 159
49 229 234 234
50 229 234 234
51 229 234 234
52 229 234 234
53 229 234 234
54 229 234 234
55 229 234 234
347 229 26 26
389 229 242 242
390 229 242 242
391 229 242 242
392 229 242 242
393 229 242 242
394 229 242 242
51 230 234 234
54 230 234 234
389 230 242 242
276 231 171 171
277 231 171 171
280 231 171 171
298 231 39 39
389 231 242 242
228 232 217 217
231 232 217 217
277 232 171 171
278 232 171 171
279 232 171 171
280 232 171 171
281 232 171 171
282 232 171 171
298 232 39 39
299 232 39 39
300 232 39 39
228 233 217 217
231 233 217 217
279 233 171 171
281 233 171 171
299 233 39 39
300 233 39 39
301 233 39 39
302 233 39 39
303 233 39 39
304 233 39 39
465 233 215 215
466 233 215 215
227 234 217 217
228 234 217 217
229 234 217 217
230 234 217 217
231 234 217 217
249 234 232 232
250 234 232 232
464 234 215 215
465 234 215 215
466 234 215 215
63 235 19 19
224 235 217 217
226 235 217 217
227 235 217 217
229 235 217 217
247 235 232 232
248 235 232 232
249 235 232 232
250 235 232 232
251 235 232 232
464 235 215 215
465 235 215 215
466 235 215 215
467 235 215 215
60 236 19 19
61 236 19 19
62 236 19 19
63 236 19 19
224 236 217 217
225 236 217 217
226 236 217 217
227 236 217 217
228 236 217 217
229 236 217 217
250 236 232 232
251 236 232 232
341 236 207 207
342 236 207 207
464 236 215 215
465 236 215 215
466 236 215 215
467 236 215 215
182 237 236 236
183 237 236 236
184 237 236 236
226 237 217 217
227 237 217 217
228 237 217 217
229 237 217 217
251 237 232 232
252 237 232 232
340 237 207 207
341 237 207 207
342 237 207 207
464 237 215 215
122 238 191 191
183 238 236 236
251 238 232 232
252 238 232 232
340 238 207 207
341 238 207 207
342 238 207 207
25 239 205 205
122 239 191 191
123 239 191 191
124 239 191 191
183 239 236 236
184 239 236 236
185 239 236 236
186 239 236 236
187 239 236 236
252 239 232 232
340 239 207 207
342 239 207 207
343 239 207 207
25 240 205 205
55 240 181 181
57 240 181 181
64 240 182 182
65 240 182 182
123 240 191 191
185 240 236 236
186 240 236 236
250 240 232 232
252 240 232 232
340 240 207 207
343 240 207 207
25 241 205 205
55 241 181 181
56 241 181 181
57 241 181 181
61 241 182 182
62 241 182 182
63 241 182 182
64 241 182 182
122 241 191 191
123 241 191 191
186 241 236 236
250 241 232 232
251 241 232 232
252 241 232 232
253 241 232 232
254 241 232 232
339 241 207 207
340 241 207 207
25 242 205 205
56 242 181 181
61 242 182 182
63 242 182 182
64 242 182 182
65 242 182 182
250 242 232 232
251 242 232 232
252 242 232 232
24 243 205 205
25 243 205 205
26 243 205 205
251 243 232 232
252 243 232 232
25 244 205 205
278 244 245 245
25 245 205 205
26 245 205 205
275 245 245 245
276 245 245 245
277 245 245 245
278 245 245 245
279 245 245 245
393 245 107 107
3 246 94 94
4 246 94 94
274 246 245 245
275 246 245 245
279 246 245 245
393 246 107 107
4 247 94 94
207 247 209 209
208 247 209 209
209 247 209 209
274 247 245 245
275 247 245 245
279 247 245 245
280 247 245 245
393 247 107 107
109 248 126 126
204 248 209 209
206 248 209 209
207 248 209 209
209 248 209 209
210 248 209 209
275 248 245 245
277 248 245 245
278 248 245 245
279 248 245 245
373 248 244 244
393 248 107 107
394 248 107 107
109 249 126 126
204 249 209 209
205 249 209 209
206 249 209 209
210 249 209 209
373 249 244 244
393 249 107 107
109 250 126 126
205 250 209 209
206 250 209 209
209 250 209 209
210 250 209 209
372 250 244 244
373 250 244 244
375 250 244 244
393 250 107 107
394 250 107 107
395 250 107 107
109 251 126 126
110 251 126 126
372 251 244 244
373 251 244 244
374 251 244 244
375 251 244 244
393 251 107 107
394 251 107 107
373 252 244 244
374 252 244 244
375 252 244 244
393 252 107 107
58 253 57 57
59 253 57 57
60 253 57 57
375 253 244 244
398 253 28 28
399 253 28 28
400 253 28 28
401 253 28 28
402 253 28 28
60 254 57 57
83 254 22 22
84 254 22 22
85 254 22 22
374 254 244 244
375 254 244 244
401 254 28 28
402 254 28 28
60 255 57 57
83 255 22 22
85 255 22 22
350 255 187 187
375 255 244 244
60 256 57 57
349 256 187 187
350 256 187 187
238 257 243 243
347 257 187 187
348 257 187 187
349 257 187 187
350 257 187 187
64 258 18 18
65 258 18 18
238 258 243 243
239 258 243 243
240 258 243 243
349 258 187 187
433 258 92 92
434 258 92 92
433 259 92 92
434 259 92 92
443 259 77 77
11 260 152 152
12 260 152 152
13 260 152 152
68 260 27 27
433 260 92 92
443 260 77 77
68 261 27 27
442 261 77 77
443 261 77 77
444 261 77 77
443 262 77 77
177 265 173 173
396 265 132 132
92 266 60 60
93 266 60 60
177 266 173 173
396 266 132 132
409 266 72 72
410 266 72 72
411 266 72 72
412 266 72 72
93 267 60 60
107 267 111 111
108 267 111 111
327 267 206 206
396 267 132 132
468 267 114 114
469 267 114 114
470 267 114 114
327 268 206 206
328 268 206 206
470 268 114 114
328 269 206 206
121 271 4 4
122 271 4 4
273 271 65 65
273 272 65 65
358 272 230 230
273 273 65 65
358 273 230 230
272 274 65 65
273 274 65 65
89 275 78 78
90 275 78 78
112 275 142 142
420 275 148 148
421 275 148 148
458 275 178 178
90 276 78 78
111 276 142 142
112 276 142 142
458 276 178 178
459 276 178 178
158 277 110 110
91 278 79 79
158 278 110 110
159 278 110 110
311 278 33 33
91 279 79 79
310 279 33 33
311 279 33 33
310 280 33 33
48 281 189 189
49 281 189 189
255 281 198 198
256 281 198 198
324 281 96 96
325 281 96 96
324 282 96 96
189 283 224 224
190 283 224 224
410 283 45 45
411 283 45 45
24 284 66 66
25 284 66 66
210 284 112 112
480 284 161 161
25 285 66 66
210 285 112 112
211 285 112 112
480 285 161 161
175 286 104 104
176 286 104 104
211 286 112 112
212 286 112 112
480 286 161 161
480 287 161 161
480 288 161 161
152 289 117 117
270 289 89 89
271 289 89 89
381 289 193 193
480 289 161 161
152 290 117 117
297 290 190 190
379 290 193 193
380 290 193 193
381 290 193 193
470 290 58 58
471 290 58 58
9 291 118 118
79 291 237 237
152 291 117 117
232 291 34 34
297 291 190 190
326 291 52 52
379 291 193 193
384 291 149 149
385 291 149 149
9 292 118 118
79 292 237 237
168 292 128 128
232 292 34 34
263 292 25 25
264 292 25 25
326 292 52 52
79 293 237 237
141 293 75 75
142 293 75 75
143 293 75 75
168 293 128 128
318 293 59 59
318 294 59 59
432 294 169 169
362 295 115 115
363 295 115 115
364 295 115 115
432 295 169 169
10 296 156 156
11 296 156 156
12 296 156 156
32 296 135 135
33 296 135 135
155 296 36 36
452 296 90 90
18 297 56 56
19 297 56 56
33 297 135 135
94 297 180 180
95 297 180 180
155 297 36 36
411 297 119 119
412 297 119 119
451 297 90 90
452 297 90 90
453 297 90 90
95 298 180 180
256 298 103 103
411 298 119 119
451 298 90 90
453 298 90 90
461 298 238 238
47 299 226 226
194 299 165 165
195 299 165 165
196 299 165 165
235 299 164 164
236 299 164 164
237 299 164 164
238 299 164 164
256 299 103 103
461 299 238 238
47 300 226 226
73 300 53 53
194 300 165 165
238 300 164 164
256 300 103 103
461 300 238 238
73 301 53 53
212 301 216 216
72 302 53 53
73 302 53 53
212 302 216 216
267 302 97 97
298 302 123 123
267 303 97 97
298 303 123 123
398 303 83 83
6 304 227 227
7 304 227 227
120 304 87 87
121 304 87 87
137 304 223 223
138 304 223 223
266 304 97 97
267 304 97 97
398 304 83 83
113 305 168 168
114 305 168 168
398 305 83 83
106 306 146 146
129 306 210 210
240 306 231 231
241 306 231 231
454 306 192 192
455 306 192 192
480 306 48 48
106 307 146 146
129 307 210 210
240 307 231 231
316 307 62 62
388 307 200 200
454 307 192 192
480 307 48 48
63 308 1 1
64 308 1 1
247 308 30 30
248 308 30 30
316 308 62 62
388 308 200 200
480 308 48 48
165 309 133 133
166 309 133 133
180 309 183 183
181 309 183 183
443 309 76 76
444 309 76 76
480 309 48 48
452 310 37 37
475 310 91 91
480 310 48 48
222 311 199 199
223 311 199 199
452 311 37 37
475 311 91 91
480 311 48 48
35 312 10 10
298 312 218 218
299 312 218 218
480 312 48 48
35 313 10 10
76 313 220 220
77 313 220 220
243 313 116 116
284 313 44 44
298 313 218 218
468 313 185 185
480 313 48 48
105 314 143 143
106 314 143 143
243 314 116 116
266 314 211 211
267 314 211 211
284 314 44 44
371 314 233 233
372 314 233 233
400 314 196 196
468 314 185 185
149 315 127 127
302 315 15 15
303 315 15 15
349 315 67 67
371 315 233 233
400 315 196 196
416 315 204 204
28 316 49 49
29 316 49 49
30 316 49 49
87 316 113 113
149 316 127 127
182 316 93 93
302 316 15 15
330 316 222 222
349 316 67 67
350 316 67 67
416 316 204 204
28 317 49 49
87 317 113 113
182 317 93 93
329 317 222 222
330 317 222 222
416 317 204 204
182 318 93 93
426 318 195 195
427 318 195 195
182 319 93 93
298 319 101 101
299 319 101 101
