2104 481 321
217 0 46 46
218 0 46 46
219 0 46 46
328 0 56 56
329 0 56 56
330 0 56 56
331 0 56 56
332 0 56 56
333 0 56 56
334 0 56 56
335 0 56 56
336 0 56 56
337 0 56 56
338 0 56 56
339 0 56 56
340 0 56 56
341 0 56 56
342 0 56 56
343 0 56 56
344 0 56 56
345 0 56 56
346 0 56 56
347 0 56 56
348 0 56 56
349 0 56 56
350 0 56 56
351 0 56 56
352 0 56 56
353 0 56 56
354 0 56 56
355 0 56 56
356 0 56 56
357 0 56 56
358 0 56 56
359 0 56 56
424 0 42 42
425 0 42 42
426 0 42 42
427 0 42 42
428 0 42 42
429 0 42 42
430 0 42 42
431 0 42 42
440 0 67 67
441 0 67 67
442 0 67 67
443 0 67 67
444 0 67 67
445 0 67 67
446 0 67 67
447 0 67 67
448 0 67 67
449 0 67 67
450 0 67 67
451 0 67 67
452 0 67 67
453 0 67 67
454 0 67 67
455 0 67 67
456 0 67 67
472 0 67 67
473 0 67 67
474 0 67 67
475 0 67 67
476 0 67 67
477 0 67 67
478 0 67 67
479 0 67 67
480 0 67 67
218 1 46 46
219 1 46 46
328 1 56 56
329 1 56 56
330 1 56 56
331 1 56 56
332 1 56 56
333 1 56 56
334 1 56 56
335 1 56 56
336 1 56 56
337 1 56 56
338 1 56 56
339 1 56 56
340 1 56 56
341 1 56 56
342 1 56 56
343 1 56 56
344 1 56 56
345 1 56 56
346 1 56 56
347 1 56 56
348 1 56 56
349 1 56 56
350 1 56 56
351 1 56 56
352 1 56 56
353 1 56 56
354 1 56 56
355 1 56 56
356 1 56 56
357 1 56 56
358 1 56 56
359 1 56 56
424 1 42 42
425 1 42 42
426 1 42 42
427 1 42 42
428 1 42 42
429 1 42 42
430 1 42 42
431 1 42 42
432 1 42 42
440 1 67 67
441 1 67 67
442 1 67 67
443 1 67 67
444 1 67 67
445 1 67 67
446 1 67 67
447 1 67 67
448 1 67 67
449 1 67 67
450 1 67 67
451 1 67 67
452 1 67 67
453 1 67 67
454 1 67 67
455 1 67 67
472 1 67 67
473 1 67 67
474 1 67 67
475 1 67 67
476 1 67 67
477 1 67 67
478 1 67 67
479 1 67 67
480 1 67 67
218 2 46 46
219 2 46 46
328 2 56 56
329 2 56 56
330 2 56 56
331 2 56 56
332 2 56 56
333 2 56 56
334 2 56 56
335 2 56 56
336 2 56 56
337 2 56 56
338 2 56 56
339 2 56 56
340 2 56 56
341 2 56 56
342 2 56 56
343 2 56 56
344 2 56 56
345 2 56 56
346 2 56 56
347 2 56 56
348 2 56 56
349 2 56 56
350 2 56 56
351 2 56 56
352 2 56 56
353 2 56 56
354 2 56 56
355 2 56 56
356 2 56 56
357 2 56 56
358 2 56 56
359 2 56 56
424 2 42 42
425 2 42 42
426 2 42 42
427 2 42 42
428 2 42 42
429 2 42 42
430 2 42 42
431 2 42 42
432 2 42 42
440 2 67 67
441 2 67 67
442 2 67 67
443 2 67 67
444 2 67 67
445 2 67 67
446 2 67 67
447 2 67 67
448 2 67 67
449 2 67 67
450 2 67 67
451 2 67 67
452 2 67 67
453 2 67 67
454 2 67 67
455 2 67 67
456 2 67 67
472 2 67 67
473 2 67 67
474 2 67 67
475 2 67 67
476 2 67 67
477 2 67 67
478 2 67 67
479 2 67 67
480 2 67 67
218 3 46 46
219 3 46 46
327 3 56 56
328 3 56 56
329 3 56 56
330 3 56 56
331 3 56 56
332 3 56 56
333 3 56 56
334 3 56 56
335 3 56 56
336 3 56 56
337 3 56 56
338 3 56 56
339 3 56 56
340 3 56 56
341 3 56 56
342 3 56 56
343 3 56 56
344 3 56 56
345 3 56 56
346 3 56 56
347 3 56 56
348 3 56 56
349 3 56 56
350 3 56 56
351 3 56 56
352 3 56 56
353 3 56 56
354 3 56 56
355 3 56 56
356 3 56 56
357 3 56 56
358 3 56 56
359 3 56 56
424 3 42 42
425 3 42 42
426 3 42 42
427 3 42 42
428 3 42 42
429 3 42 42
430 3 42 42
431 3 42 42
440 3 67 67
441 3 67 67
442 3 67 67
443 3 67 67
444 3 67 67
445 3 67 67
446 3 67 67
447 3 67 67
448 3 67 67
449 3 67 67
450 3 67 67
451 3 67 67
452 3 67 67
453 3 67 67
454 3 67 67
455 3 67 67
471 3 67 67
472 3 67 67
473 3 67 67
474 3 67 67
475 3 67 67
476 3 67 67
477 3 67 67
478 3 67 67
479 3 67 67
480 3 67 67
218 4 46 46
219 4 46 46
328 4 56 56
329 4 56 56
330 4 56 56
331 4 56 56
332 4 56 56
333 4 56 56
334 4 56 56
335 4 56 56
336 4 56 56
337 4 56 56
338 4 56 56
339 4 56 56
340 4 56 56
341 4 56 56
342 4 56 56
343 4 56 56
344 4 56 56
345 4 56 56
346 4 56 56
347 4 56 56
348 4 56 56
349 4 56 56
350 4 56 56
351 4 56 56
352 4 56 56
353 4 56 56
354 4 56 56
355 4 56 56
356 4 56 56
357 4 56 56
358 4 56 56
359 4 56 56
360 4 56 56
361 4 56 56
422 4 42 42
423 4 42 42
424 4 42 42
425 4 42 42
426 4 42 42
427 4 42 42
428 4 42 42
429 4 42 42
430 4 42 42
431 4 42 42
439 4 67 67
440 4 67 67
441 4 67 67
442 4 67 67
443 4 67 67
444 4 67 67
445 4 67 67
446 4 67 67
447 4 67 67
448 4 67 67
449 4 67 67
450 4 67 67
451 4 67 67
452 4 67 67
453 4 67 67
454 4 67 67
455 4 67 67
456 4 67 67
459 4 67 67
471 4 67 67
472 4 67 67
473 4 67 67
474 4 67 67
475 4 67 67
476 4 67 67
477 4 67 67
478 4 67 67
479 4 67 67
480 4 67 67
218 5 46 46
219 5 46 46
220 5 46 46
328 5 56 56
329 5 56 56
330 5 56 56
331 5 56 56
332 5 56 56
333 5 56 56
334 5 56 56
335 5 56 56
336 5 56 56
337 5 56 56
338 5 56 56
339 5 56 56
340 5 56 56
341 5 56 56
342 5 56 56
343 5 56 56
344 5 56 56
345 5 56 56
346 5 56 56
347 5 56 56
348 5 56 56
349 5 56 56
350 5 56 56
351 5 56 56
352 5 56 56
353 5 56 56
354 5 56 56
355 5 56 56
356 5 56 56
357 5 56 56
358 5 56 56
359 5 56 56
424 5 42 42
425 5 42 42
426 5 42 42
427 5 42 42
428 5 42 42
429 5 42 42
430 5 42 42
440 5 67 67
441 5 67 67
442 5 67 67
443 5 67 67
444 5 67 67
445 5 67 67
446 5 67 67
447 5 67 67
448 5 67 67
449 5 67 67
450 5 67 67
451 5 67 67
452 5 67 67
453 5 67 67
454 5 67 67
455 5 67 67
456 5 67 67
457 5 67 67
458 5 67 67
459 5 67 67
460 5 67 67
472 5 67 67
473 5 67 67
474 5 67 67
475 5 67 67
476 5 67 67
477 5 67 67
478 5 67 67
479 5 67 67
480 5 67 67
218 6 46 46
219 6 46 46
220 6 46 46
324 6 56 56
325 6 56 56
328 6 56 56
329 6 56 56
330 6 56 56
331 6 56 56
332 6 56 56
333 6 56 56
334 6 56 56
335 6 56 56
336 6 56 56
337 6 56 56
338 6 56 56
339 6 56 56
340 6 56 56
341 6 56 56
342 6 56 56
343 6 56 56
344 6 56 56
345 6 56 56
346 6 56 56
347 6 56 56
348 6 56 56
349 6 56 56
350 6 56 56
351 6 56 56
352 6 56 56
353 6 56 56
354 6 56 56
355 6 56 56
356 6 56 56
357 6 56 56
358 6 56 56
359 6 56 56
377 6 38 38
378 6 38 38
379 6 38 38
380 6 38 38
381 6 38 38
423 6 42 42
424 6 42 42
425 6 42 42
426 6 42 42
427 6 42 42
428 6 42 42
429 6 42 42
430 6 42 42
440 6 67 67
441 6 67 67
442 6 67 67
443 6 67 67
444 6 67 67
445 6 67 67
446 6 67 67
447 6 67 67
448 6 67 67
449 6 67 67
450 6 67 67
451 6 67 67
452 6 67 67
453 6 67 67
454 6 67 67
455 6 67 67
456 6 67 67
459 6 67 67
460 6 67 67
461 6 67 67
472 6 67 67
473 6 67 67
474 6 67 67
475 6 67 67
476 6 67 67
477 6 67 67
478 6 67 67
479 6 67 67
480 6 67 67
198 7 52 52
218 7 46 46
219 7 46 46
220 7 46 46
325 7 56 56
328 7 56 56
329 7 56 56
330 7 56 56
331 7 56 56
332 7 56 56
333 7 56 56
334 7 56 56
335 7 56 56
336 7 56 56
337 7 56 56
338 7 56 56
339 7 56 56
340 7 56 56
341 7 56 56
342 7 56 56
343 7 56 56
344 7 56 56
345 7 56 56
346 7 56 56
347 7 56 56
348 7 56 56
349 7 56 56
350 7 56 56
351 7 56 56
352 7 56 56
353 7 56 56
354 7 56 56
355 7 56 56
356 7 56 56
357 7 56 56
358 7 56 56
359 7 56 56
378 7 38 38
379 7 38 38
380 7 38 38
424 7 42 42
425 7 42 42
426 7 42 42
427 7 42 42
428 7 42 42
429 7 42 42
440 7 67 67
441 7 67 67
442 7 67 67
443 7 67 67
444 7 67 67
445 7 67 67
446 7 67 67
447 7 67 67
448 7 67 67
449 7 67 67
450 7 67 67
451 7 67 67
452 7 67 67
453 7 67 67
454 7 67 67
455 7 67 67
456 7 67 67
457 7 67 67
458 7 67 67
461 7 67 67
462 7 67 67
463 7 67 67
472 7 67 67
473 7 67 67
474 7 67 67
475 7 67 67
476 7 67 67
477 7 67 67
478 7 67 67
479 7 67 67
480 7 67 67
198 8 52 52
199 8 52 52
218 8 46 46
219 8 46 46
220 8 46 46
221 8 46 46
275 8 35 35
276 8 35 35
324 8 56 56
325 8 56 56
327 8 56 56
328 8 56 56
329 8 56 56
330 8 56 56
331 8 56 56
332 8 56 56
333 8 56 56
334 8 56 56
335 8 56 56
336 8 56 56
337 8 56 56
338 8 56 56
339 8 56 56
340 8 56 56
341 8 56 56
342 8 56 56
343 8 56 56
344 8 56 56
345 8 56 56
346 8 56 56
347 8 56 56
348 8 56 56
349 8 56 56
350 8 56 56
351 8 56 56
352 8 56 56
353 8 56 56
354 8 56 56
355 8 56 56
356 8 56 56
357 8 56 56
358 8 56 56
359 8 56 56
379 8 38 38
380 8 38 38
381 8 38 38
416 8 42 42
417 8 42 42
420 8 42 42
421 8 42 42
422 8 42 42
423 8 42 42
424 8 42 42
425 8 42 42
426 8 42 42
427 8 42 42
428 8 42 42
429 8 42 42
430 8 42 42
431 8 42 42
442 8 67 67
443 8 67 67
444 8 67 67
445 8 67 67
446 8 67 67
447 8 67 67
448 8 67 67
449 8 67 67
450 8 67 67
451 8 67 67
452 8 67 67
453 8 67 67
454 8 67 67
455 8 67 67
456 8 67 67
457 8 67 67
458 8 67 67
459 8 67 67
460 8 67 67
461 8 67 67
462 8 67 67
463 8 67 67
464 8 67 67
471 8 67 67
472 8 67 67
473 8 67 67
474 8 67 67
475 8 67 67
476 8 67 67
477 8 67 67
478 8 67 67
479 8 67 67
480 8 67 67
198 9 52 52
199 9 52 52
219 9 46 46
220 9 46 46
221 9 46 46
272 9 35 35
275 9 35 35
276 9 35 35
277 9 35 35
278 9 35 35
325 9 56 56
326 9 56 56
327 9 56 56
328 9 56 56
329 9 56 56
330 9 56 56
331 9 56 56
332 9 56 56
333 9 56 56
334 9 56 56
335 9 56 56
336 9 56 56
337 9 56 56
338 9 56 56
339 9 56 56
340 9 56 56
341 9 56 56
342 9 56 56
343 9 56 56
344 9 56 56
345 9 56 56
346 9 56 56
347 9 56 56
348 9 56 56
349 9 56 56
350 9 56 56
351 9 56 56
352 9 56 56
353 9 56 56
354 9 56 56
355 9 56 56
356 9 56 56
357 9 56 56
358 9 56 56
359 9 56 56
379 9 38 38
380 9 38 38
381 9 38 38
416 9 42 42
417 9 42 42
419 9 42 42
420 9 42 42
421 9 42 42
422 9 42 42
423 9 42 42
424 9 42 42
425 9 42 42
426 9 42 42
427 9 42 42
428 9 42 42
429 9 42 42
430 9 42 42
431 9 42 42
441 9 67 67
442 9 67 67
443 9 67 67
444 9 67 67
447 9 67 67
448 9 67 67
449 9 67 67
450 9 67 67
451 9 67 67
452 9 67 67
453 9 67 67
454 9 67 67
455 9 67 67
456 9 67 67
457 9 67 67
458 9 67 67
459 9 67 67
460 9 67 67
461 9 67 67
462 9 67 67
463 9 67 67
464 9 67 67
467 9 67 67
468 9 67 67
471 9 67 67
476 9 67 67
477 9 67 67
478 9 67 67
197 10 52 52
198 10 52 52
199 10 52 52
221 10 46 46
222 10 46 46
272 10 35 35
275 10 35 35
276 10 35 35
277 10 35 35
278 10 35 35
326 10 56 56
327 10 56 56
328 10 56 56
329 10 56 56
330 10 56 56
331 10 56 56
332 10 56 56
333 10 56 56
334 10 56 56
335 10 56 56
336 10 56 56
337 10 56 56
338 10 56 56
339 10 56 56
340 10 56 56
341 10 56 56
342 10 56 56
343 10 56 56
344 10 56 56
345 10 56 56
346 10 56 56
347 10 56 56
348 10 56 56
349 10 56 56
350 10 56 56
351 10 56 56
352 10 56 56
353 10 56 56
354 10 56 56
355 10 56 56
356 10 56 56
357 10 56 56
358 10 56 56
359 10 56 56
376 10 38 38
377 10 38 38
378 10 38 38
379 10 38 38
380 10 38 38
381 10 38 38
382 10 38 38
383 10 38 38
415 10 42 42
416 10 42 42
417 10 42 42
418 10 42 42
419 10 42 42
420 10 42 42
421 10 42 42
422 10 42 42
423 10 42 42
424 10 42 42
425 10 42 42
426 10 42 42
427 10 42 42
428 10 42 42
429 10 42 42
430 10 42 42
431 10 42 42
440 10 67 67
441 10 67 67
442 10 67 67
443 10 67 67
448 10 67 67
449 10 67 67
450 10 67 67
451 10 67 67
452 10 67 67
453 10 67 67
454 10 67 67
455 10 67 67
456 10 67 67
457 10 67 67
458 10 67 67
459 10 67 67
460 10 67 67
461 10 67 67
462 10 67 67
463 10 67 67
467 10 67 67
468 10 67 67
476 10 67 67
478 10 67 67
196 11 52 52
197 11 52 52
198 11 52 52
199 11 52 52
221 11 46 46
222 11 46 46
272 11 35 35
273 11 35 35
274 11 35 35
275 11 35 35
278 11 35 35
279 11 35 35
325 11 56 56
326 11 56 56
328 11 56 56
329 11 56 56
330 11 56 56
331 11 56 56
332 11 56 56
333 11 56 56
334 11 56 56
335 11 56 56
336 11 56 56
337 11 56 56
338 11 56 56
339 11 56 56
340 11 56 56
341 11 56 56
342 11 56 56
343 11 56 56
344 11 56 56
345 11 56 56
346 11 56 56
347 11 56 56
348 11 56 56
349 11 56 56
350 11 56 56
351 11 56 56
352 11 56 56
353 11 56 56
354 11 56 56
355 11 56 56
356 11 56 56
357 11 56 56
358 11 56 56
359 11 56 56
360 11 56 56
361 11 56 56
362 11 56 56
375 11 38 38
376 11 38 38
377 11 38 38
378 11 38 38
379 11 38 38
380 11 38 38
381 11 38 38
382 11 38 38
383 11 38 38
415 11 42 42
416 11 42 42
417 11 42 42
418 11 42 42
419 11 42 42
420 11 42 42
421 11 42 42
422 11 42 42
423 11 42 42
424 11 42 42
425 11 42 42
426 11 42 42
427 11 42 42
428 11 42 42
429 11 42 42
430 11 42 42
441 11 67 67
442 11 67 67
443 11 67 67
447 11 67 67
448 11 67 67
449 11 67 67
450 11 67 67
451 11 67 67
452 11 67 67
453 11 67 67
454 11 67 67
455 11 67 67
456 11 67 67
457 11 67 67
458 11 67 67
459 11 67 67
460 11 67 67
461 11 67 67
462 11 67 67
463 11 67 67
464 11 67 67
466 11 67 67
467 11 67 67
468 11 67 67
469 11 67 67
473 11 67 67
474 11 67 67
475 11 67 67
476 11 67 67
477 11 67 67
478 11 67 67
480 11 67 67
196 12 52 52
197 12 52 52
198 12 52 52
199 12 52 52
220 12 46 46
221 12 46 46
222 12 46 46
271 12 35 35
272 12 35 35
273 12 35 35
274 12 35 35
275 12 35 35
278 12 35 35
279 12 35 35
325 12 56 56
326 12 56 56
328 12 56 56
329 12 56 56
330 12 56 56
331 12 56 56
332 12 56 56
333 12 56 56
334 12 56 56
335 12 56 56
336 12 56 56
337 12 56 56
338 12 56 56
339 12 56 56
340 12 56 56
341 12 56 56
342 12 56 56
343 12 56 56
344 12 56 56
345 12 56 56
346 12 56 56
347 12 56 56
348 12 56 56
349 12 56 56
350 12 56 56
351 12 56 56
352 12 56 56
353 12 56 56
354 12 56 56
355 12 56 56
356 12 56 56
357 12 56 56
358 12 56 56
359 12 56 56
376 12 38 38
377 12 38 38
378 12 38 38
379 12 38 38
380 12 38 38
381 12 38 38
382 12 38 38
383 12 38 38
384 12 38 38
416 12 42 42
417 12 42 42
418 12 42 42
419 12 42 42
420 12 42 42
421 12 42 42
422 12 42 42
423 12 42 42
424 12 42 42
425 12 42 42
426 12 42 42
427 12 42 42
428 12 42 42
429 12 42 42
442 12 67 67
443 12 67 67
446 12 67 67
447 12 67 67
448 12 67 67
449 12 67 67
450 12 67 67
451 12 67 67
452 12 67 67
453 12 67 67
454 12 67 67
455 12 67 67
456 12 67 67
457 12 67 67
458 12 67 67
459 12 67 67
460 12 67 67
461 12 67 67
462 12 67 67
463 12 67 67
465 12 67 67
467 12 67 67
468 12 67 67
470 12 67 67
472 12 67 67
473 12 67 67
474 12 67 67
475 12 67 67
478 12 67 67
479 12 67 67
480 12 67 67
194 13 52 52
195 13 52 52
196 13 52 52
197 13 52 52
198 13 52 52
199 13 52 52
220 13 46 46
221 13 46 46
222 13 46 46
272 13 35 35
273 13 35 35
274 13 35 35
275 13 35 35
325 13 56 56
326 13 56 56
329 13 56 56
330 13 56 56
331 13 56 56
332 13 56 56
333 13 56 56
334 13 56 56
335 13 56 56
336 13 56 56
337 13 56 56
338 13 56 56
339 13 56 56
340 13 56 56
341 13 56 56
342 13 56 56
343 13 56 56
344 13 56 56
345 13 56 56
346 13 56 56
347 13 56 56
348 13 56 56
349 13 56 56
350 13 56 56
351 13 56 56
352 13 56 56
353 13 56 56
354 13 56 56
355 13 56 56
356 13 56 56
357 13 56 56
358 13 56 56
359 13 56 56
374 13 38 38
375 13 38 38
376 13 38 38
377 13 38 38
378 13 38 38
379 13 38 38
380 13 38 38
381 13 38 38
382 13 38 38
416 13 42 42
417 13 42 42
420 13 42 42
421 13 42 42
422 13 42 42
423 13 42 42
424 13 42 42
425 13 42 42
426 13 42 42
427 13 42 42
428 13 42 42
446 13 67 67
448 13 67 67
449 13 67 67
450 13 67 67
451 13 67 67
452 13 67 67
453 13 67 67
454 13 67 67
455 13 67 67
456 13 67 67
457 13 67 67
458 13 67 67
459 13 67 67
460 13 67 67
461 13 67 67
462 13 67 67
463 13 67 67
465 13 67 67
466 13 67 67
467 13 67 67
468 13 67 67
469 13 67 67
470 13 67 67
473 13 67 67
474 13 67 67
475 13 67 67
476 13 67 67
477 13 67 67
478 13 67 67
480 13 67 67
192 14 52 52
193 14 52 52
194 14 52 52
195 14 52 52
196 14 52 52
197 14 52 52
198 14 52 52
199 14 52 52
221 14 46 46
222 14 46 46
223 14 46 46
273 14 35 35
274 14 35 35
275 14 35 35
328 14 56 56
329 14 56 56
330 14 56 56
331 14 56 56
332 14 56 56
333 14 56 56
334 14 56 56
335 14 56 56
336 14 56 56
337 14 56 56
338 14 56 56
341 14 56 56
342 14 56 56
343 14 56 56
344 14 56 56
345 14 56 56
346 14 56 56
347 14 56 56
348 14 56 56
349 14 56 56
350 14 56 56
351 14 56 56
352 14 56 56
353 14 56 56
354 14 56 56
355 14 56 56
356 14 56 56
357 14 56 56
358 14 56 56
359 14 56 56
376 14 38 38
377 14 38 38
378 14 38 38
379 14 38 38
380 14 38 38
381 14 38 38
416 14 42 42
417 14 42 42
420 14 42 42
421 14 42 42
422 14 42 42
423 14 42 42
424 14 42 42
425 14 42 42
426 14 42 42
427 14 42 42
428 14 42 42
446 14 67 67
447 14 67 67
448 14 67 67
449 14 67 67
450 14 67 67
451 14 67 67
452 14 67 67
453 14 67 67
454 14 67 67
455 14 67 67
456 14 67 67
457 14 67 67
458 14 67 67
459 14 67 67
460 14 67 67
461 14 67 67
462 14 67 67
463 14 67 67
464 14 67 67
465 14 67 67
466 14 67 67
467 14 67 67
468 14 67 67
469 14 67 67
470 14 67 67
471 14 67 67
472 14 67 67
473 14 67 67
474 14 67 67
478 14 67 67
480 14 67 67
17 15 24 24
192 15 52 52
193 15 52 52
194 15 52 52
195 15 52 52
196 15 52 52
197 15 52 52
198 15 52 52
221 15 46 46
223 15 46 46
273 15 35 35
274 15 35 35
275 15 35 35
327 15 56 56
328 15 56 56
329 15 56 56
330 15 56 56
331 15 56 56
332 15 56 56
333 15 56 56
334 15 56 56
335 15 56 56
336 15 56 56
337 15 56 56
338 15 56 56
341 15 56 56
342 15 56 56
343 15 56 56
344 15 56 56
345 15 56 56
346 15 56 56
347 15 56 56
348 15 56 56
349 15 56 56
350 15 56 56
351 15 56 56
352 15 56 56
353 15 56 56
354 15 56 56
355 15 56 56
356 15 56 56
357 15 56 56
358 15 56 56
359 15 56 56
360 15 56 56
361 15 56 56
376 15 38 38
377 15 38 38
378 15 38 38
379 15 38 38
381 15 38 38
416 15 42 42
417 15 42 42
420 15 42 42
421 15 42 42
422 15 42 42
423 15 42 42
424 15 42 42
425 15 42 42
426 15 42 42
427 15 42 42
428 15 42 42
447 15 67 67
448 15 67 67
449 15 67 67
450 15 67 67
451 15 67 67
452 15 67 67
453 15 67 67
454 15 67 67
455 15 67 67
456 15 67 67
457 15 67 67
458 15 67 67
459 15 67 67
460 15 67 67
461 15 67 67
462 15 67 67
463 15 67 67
465 15 67 67
467 15 67 67
468 15 67 67
470 15 67 67
473 15 67 67
17 16 24 24
192 16 52 52
193 16 52 52
194 16 52 52
196 16 52 52
197 16 52 52
221 16 46 46
222 16 46 46
223 16 46 46
224 16 46 46
272 16 35 35
273 16 35 35
274 16 35 35
275 16 35 35
330 16 56 56
331 16 56 56
340 16 56 56
341 16 56 56
342 16 56 56
343 16 56 56
346 16 56 56
347 16 56 56
348 16 56 56
349 16 56 56
350 16 56 56
351 16 56 56
353 16 56 56
354 16 56 56
357 16 56 56
358 16 56 56
359 16 56 56
361 16 56 56
362 16 56 56
377 16 38 38
378 16 38 38
379 16 38 38
380 16 38 38
381 16 38 38
382 16 38 38
420 16 42 42
424 16 42 42
425 16 42 42
427 16 42 42
428 16 42 42
429 16 42 42
448 16 67 67
449 16 67 67
453 16 67 67
454 16 67 67
456 16 67 67
459 16 67 67
463 16 67 67
468 16 67 67
17 17 24 24
193 17 52 52
194 17 52 52
196 17 52 52
197 17 52 52
198 17 52 52
199 17 52 52
220 17 46 46
221 17 46 46
222 17 46 46
223 17 46 46
275 17 35 35
346 17 56 56
347 17 56 56
348 17 56 56
349 17 56 56
350 17 56 56
351 17 56 56
353 17 56 56
354 17 56 56
355 17 56 56
356 17 56 56
357 17 56 56
358 17 56 56
359 17 56 56
360 17 56 56
376 17 38 38
377 17 38 38
378 17 38 38
379 17 38 38
380 17 38 38
381 17 38 38
382 17 38 38
383 17 38 38
384 17 38 38
420 17 42 42
422 17 42 42
423 17 42 42
424 17 42 42
425 17 42 42
426 17 42 42
427 17 42 42
428 17 42 42
429 17 42 42
449 17 67 67
450 17 67 67
451 17 67 67
452 17 67 67
453 17 67 67
454 17 67 67
456 17 67 67
193 18 52 52
194 18 52 52
195 18 52 52
199 18 52 52
200 18 52 52
272 18 35 35
273 18 35 35
274 18 35 35
275 18 35 35
307 18 2 2
308 18 2 2
346 18 56 56
347 18 56 56
348 18 56 56
349 18 56 56
350 18 56 56
351 18 56 56
352 18 56 56
353 18 56 56
354 18 56 56
355 18 56 56
356 18 56 56
359 18 56 56
360 18 56 56
378 18 38 38
379 18 38 38
382 18 38 38
383 18 38 38
384 18 38 38
421 18 42 42
422 18 42 42
423 18 42 42
429 18 42 42
448 18 67 67
449 18 67 67
450 18 67 67
451 18 67 67
452 18 67 67
453 18 67 67
456 18 67 67
193 19 52 52
194 19 52 52
200 19 52 52
307 19 2 2
349 19 56 56
350 19 56 56
351 19 56 56
352 19 56 56
355 19 56 56
360 19 56 56
362 19 56 56
378 19 38 38
379 19 38 38
383 19 38 38
422 19 42 42
423 19 42 42
429 19 42 42
430 19 42 42
448 19 67 67
449 19 67 67
454 19 67 67
455 19 67 67
456 19 67 67
192 20 52 52
193 20 52 52
194 20 52 52
307 20 2 2
351 20 56 56
352 20 56 56
360 20 56 56
361 20 56 56
362 20 56 56
379 20 38 38
429 20 42 42
453 20 67 67
454 20 67 67
455 20 67 67
456 20 67 67
457 20 67 67
192 21 52 52
193 21 52 52
194 21 52 52
306 21 2 2
307 21 2 2
308 21 2 2
360 21 56 56
361 21 56 56
362 21 56 56
363 21 56 56
429 21 42 42
451 21 67 67
452 21 67 67
453 21 67 67
454 21 67 67
457 21 67 67
458 21 67 67
192 22 52 52
193 22 52 52
194 22 52 52
195 22 52 52
196 22 52 52
308 22 2 2
359 22 56 56
360 22 56 56
361 22 56 56
192 23 52 52
193 23 52 52
194 23 52 52
195 23 52 52
196 23 52 52
197 23 52 52
359 23 56 56
360 23 56 56
361 23 56 56
193 24 52 52
197 24 52 52
359 24 56 56
358 25 56 56
359 25 56 56
356 26 56 56
358 26 56 56
356 27 56 56
358 27 56 56
356 28 56 56
357 28 56 56
358 28 56 56
156 31 43 43
156 32 43 43
131 34 76 76
131 35 76 76
132 35 76 76
133 35 76 76
131 36 76 76
133 36 76 76
15 40 18 18
16 40 18 18
44 42 69 69
45 42 69 69
285 42 68 68
45 43 69 69
46 43 69 69
284 43 68 68
285 43 68 68
45 44 69 69
283 44 68 68
284 44 68 68
285 44 68 68
410 44 3 3
411 44 3 3
283 45 68 68
456 46 75 75
457 46 75 75
457 47 75 75
164 53 48 48
164 54 48 48
165 54 48 48
97 61 5 5
98 61 5 5
359 61 64 64
97 62 5 5
359 62 64 64
303 63 15 15
304 63 15 15
305 63 15 15
362 74 1 1
363 74 1 1
361 75 1 1
362 75 1 1
363 75 1 1
364 75 1 1
362 76 1 1
300 79 72 72
207 80 78 78
209 80 78 78
210 80 78 78
299 80 72 72
300 80 72 72
206 81 78 78
207 81 78 78
208 81 78 78
209 81 78 78
210 81 78 78
298 81 72 72
299 81 72 72
300 81 72 72
301 81 72 72
302 81 72 72
204 82 78 78
205 82 78 78
206 82 78 78
207 82 78 78
208 82 78 78
209 82 78 78
210 82 78 78
297 82 72 72
298 82 72 72
299 82 72 72
300 82 72 72
203 83 78 78
204 83 78 78
205 83 78 78
206 83 78 78
207 83 78 78
208 83 78 78
209 83 78 78
210 83 78 78
211 83 78 78
212 83 78 78
296 83 72 72
297 83 72 72
298 83 72 72
299 83 72 72
300 83 72 72
301 83 72 72
203 84 78 78
204 84 78 78
205 84 78 78
206 84 78 78
207 84 78 78
208 84 78 78
209 84 78 78
210 84 78 78
211 84 78 78
295 84 72 72
296 84 72 72
297 84 72 72
298 84 72 72
299 84 72 72
300 84 72 72
301 84 72 72
302 84 72 72
203 85 78 78
204 85 78 78
205 85 78 78
206 85 78 78
207 85 78 78
295 85 72 72
297 85 72 72
298 85 72 72
299 85 72 72
300 85 72 72
302 85 72 72
303 85 72 72
203 86 78 78
204 86 78 78
205 86 78 78
297 86 72 72
298 86 72 72
299 86 72 72
302 86 72 72
303 86 72 72
203 87 78 78
204 87 78 78
296 87 72 72
297 87 72 72
298 87 72 72
299 87 72 72
300 87 72 72
301 87 72 72
302 87 72 72
204 88 78 78
297 88 72 72
298 88 72 72
299 88 72 72
300 88 72 72
301 88 72 72
302 88 72 72
204 89 78 78
297 89 72 72
299 89 72 72
130 90 60 60
131 90 60 60
132 90 60 60
163 90 13 13
204 90 78 78
299 90 72 72
130 91 60 60
163 91 13 13
299 91 72 72
130 92 60 60
163 92 13 13
164 92 13 13
181 92 40 40
182 92 40 40
299 92 72 72
130 93 60 60
160 93 13 13
161 93 13 13
162 93 13 13
163 93 13 13
299 93 72 72
300 93 72 72
162 94 13 13
163 94 13 13
299 94 72 72
159 95 13 13
160 95 13 13
161 95 13 13
162 95 13 13
163 95 13 13
160 96 13 13
314 101 8 8
315 101 8 8
315 102 8 8
63 103 23 23
63 104 23 23
64 104 23 23
28 106 58 58
267 106 12 12
268 106 12 12
269 106 12 12
28 107 58 58
267 107 12 12
267 108 12 12
96 112 44 44
97 112 44 44
96 113 44 44
95 114 44 44
96 114 44 44
96 115 44 44
392 115 41 41
393 115 41 41
95 116 44 44
96 116 44 44
346 122 50 50
347 122 50 50
348 122 50 50
348 123 50 50
349 123 50 50
349 124 50 50
186 128 30 30
187 128 30 30
466 135 34 34
467 135 34 34
248 149 63 63
245 150 63 63
246 150 63 63
247 150 63 63
248 150 63 63
398 158 55 55
398 159 55 55
398 160 55 55
399 160 55 55
399 161 55 55
400 161 55 55
154 162 49 49
155 162 49 49
399 162 55 55
399 163 55 55
296 164 21 21
399 164 55 55
296 165 21 21
296 166 21 21
111 167 73 73
112 167 73 73
111 168 73 73
112 168 73 73
249 169 28 28
250 169 28 28
249 170 28 28
7 177 45 45
8 177 45 45
421 182 36 36
422 182 36 36
241 183 4 4
242 183 4 4
274 183 14 14
275 183 14 14
276 183 14 14
241 184 4 4
26 194 20 20
27 194 20 20
59 194 59 59
60 194 59 59
61 194 59 59
110 204 9 9
111 204 9 9
111 205 9 9
372 206 79 79
373 206 79 79
75 207 31 31
76 207 31 31
369 207 79 79
372 207 79 79
374 207 79 79
76 208 31 31
141 208 62 62
142 208 62 62
369 208 79 79
370 208 79 79
371 208 79 79
372 208 79 79
373 208 79 79
374 208 79 79
76 209 31 31
141 209 62 62
370 209 79 79
371 209 79 79
372 209 79 79
374 209 79 79
375 209 79 79
376 209 79 79
141 210 62 62
370 210 79 79
371 210 79 79
372 210 79 79
373 210 79 79
374 210 79 79
375 210 79 79
370 211 79 79
372 211 79 79
373 211 79 79
374 211 79 79
375 211 79 79
370 212 79 79
371 212 79 79
372 212 79 79
373 212 79 79
374 212 79 79
375 212 79 79
376 212 79 79
370 213 79 79
371 213 79 79
373 213 79 79
374 213 79 79
375 213 79 79
172 214 39 39
173 214 39 39
175 214 39 39
176 214 39 39
373 214 79 79
374 214 79 79
375 214 79 79
172 215 39 39
173 215 39 39
174 215 39 39
175 215 39 39
176 215 39 39
173 216 39 39
174 216 39 39
175 216 39 39
176 216 39 39
174 217 39 39
261 217 32 32
307 217 22 22
174 218 39 39
260 218 32 32
261 218 32 32
307 218 22 22
258 219 32 32
259 219 32 32
260 219 32 32
307 219 22 22
258 220 32 32
307 220 22 22
308 220 22 22
328 222 33 33
329 222 33 33
329 223 33 33
328 224 33 33
329 224 33 33
480 230 47 47
480 231 47 47
480 232 47 47
480 233 47 47
480 234 47 47
207 237 71 71
208 237 71 71
209 237 71 71
208 238 71 71
462 241 57 57
462 242 57 57
284 243 66 66
461 243 57 57
462 243 57 57
463 243 57 57
283 244 66 66
284 244 66 66
459 244 57 57
461 244 57 57
462 244 57 57
463 244 57 57
283 245 66 66
284 245 66 66
459 245 57 57
460 245 57 57
461 245 57 57
284 246 66 66
285 246 66 66
456 246 57 57
457 246 57 57
458 246 57 57
459 246 57 57
460 246 57 57
461 246 57 57
284 247 66 66
458 247 57 57
459 247 57 57
460 247 57 57
461 247 57 57
462 247 57 57
463 247 57 57
283 248 66 66
284 248 66 66
285 248 66 66
459 248 57 57
284 249 66 66
285 249 66 66
285 250 66 66
285 251 66 66
285 252 66 66
285 253 66 66
286 253 66 66
285 254 66 66
286 254 66 66
186 255 53 53
286 255 66 66
185 256 53 53
186 256 53 53
286 256 66 66
151 261 16 16
151 262 16 16
152 262 16 16
390 262 0 0
391 262 0 0
152 263 16 16
153 263 16 16
391 263 0 0
152 264 16 16
467 267 27 27
467 268 27 27
467 269 27 27
468 269 27 27
470 269 27 27
467 270 27 27
468 270 27 27
469 270 27 27
470 270 27 27
471 270 27 27
467 271 27 27
468 271 27 27
369 272 54 54
466 272 27 27
467 272 27 27
369 273 54 54
466 273 27 27
467 273 27 27
369 274 54 54
370 274 54 54
466 274 27 27
467 274 27 27
465 275 27 27
466 275 27 27
467 275 27 27
418 276 6 6
466 276 27 27
467 276 27 27
260 277 7 7
417 277 6 6
418 277 6 6
466 277 27 27
256 278 7 7
257 278 7 7
258 278 7 7
259 278 7 7
260 278 7 7
417 278 6 6
418 278 6 6
417 279 6 6
418 279 6 6
224 280 10 10
224 281 10 10
132 282 37 37
177 282 51 51
222 282 10 10
223 282 10 10
224 282 10 10
131 283 37 37
132 283 37 37
175 283 51 51
176 283 51 51
177 283 51 51
224 283 10 10
12 284 65 65
131 284 37 37
176 284 51 51
12 285 65 65
13 285 65 65
14 285 65 65
77 289 19 19
78 289 19 19
79 289 19 19
85 300 77 77
86 300 77 77
183 300 11 11
184 300 11 11
178 301 11 11
179 301 11 11
180 301 11 11
181 301 11 11
183 301 11 11
344 301 61 61
426 301 74 74
178 302 11 11
179 302 11 11
181 302 11 11
182 302 11 11
183 302 11 11
190 302 26 26
191 302 26 26
192 302 26 26
344 302 61 61
345 302 61 61
425 302 74 74
426 302 74 74
179 303 11 11
180 303 11 11
181 303 11 11
183 303 11 11
345 303 61 61
426 303 74 74
178 304 11 11
179 304 11 11
321 308 17 17
322 308 17 17
323 308 17 17
226 312 29 29
46 313 25 25
226 313 29 29
227 313 29 29
228 313 29 29
46 314 25 25
47 314 25 25
226 314 29 29
227 314 29 29
228 314 29 29
46 315 25 25
47 315 25 25
225 315 29 29
226 315 29 29
227 315 29 29
228 315 29 29
229 315 29 29
46 316 25 25
226 316 29 29
227 316 29 29
228 316 29 29
255 316 70 70
226 317 29 29
227 317 29 29
228 317 29 29
254 317 70 70
255 317 70 70
225 318 29 29
226 318 29 29
227 318 29 29
228 318 29 29
255 318 70 70
225 319 29 29
226 319 29 29
227 319 29 29
255 319 70 70
225 320 29 29
226 320 29 29
255 320 70 70
