787 481 321
127 1 141 141
128 1 141 141
38 3 181 181
37 4 181 181
38 4 181 181
37 5 181 181
162 7 118 118
17 8 147 147
162 8 118 118
451 8 100 100
452 8 100 100
17 9 147 147
18 9 147 147
411 9 132 132
452 9 100 100
410 10 132 132
411 10 132 132
207 11 45 45
207 12 45 45
208 12 45 45
189 14 125 125
260 14 13 13
291 14 153 153
292 14 153 153
189 15 125 125
259 15 13 13
260 15 13 13
273 15 124 124
259 16 13 13
273 16 124 124
366 16 108 108
367 16 108 108
368 16 108 108
259 17 13 13
273 17 124 124
367 17 108 108
368 17 108 108
369 17 108 108
368 18 108 108
52 20 28 28
125 20 39 39
126 20 39 39
49 21 28 28
50 21 28 28
51 21 28 28
52 21 28 28
471 23 146 146
472 23 146 146
308 24 59 59
309 24 59 59
332 24 69 69
333 24 69 69
333 25 69 69
355 25 115 115
355 26 115 115
112 29 156 156
113 29 156 156
140 29 163 163
141 29 163 163
113 30 156 156
140 30 163 163
94 31 171 171
216 31 157 157
94 32 171 171
216 32 157 157
446 32 179 179
446 33 179 179
447 33 179 179
447 34 179 179
172 35 111 111
173 35 111 111
172 36 111 111
34 40 74 74
34 41 74 74
360 42 8 8
360 43 8 8
417 47 3 3
97 48 71 71
98 48 71 71
417 48 3 3
380 49 61 61
381 49 61 61
382 49 61 61
417 49 3 3
417 50 3 3
287 51 85 85
417 51 3 3
418 51 3 3
287 52 85 85
402 52 51 51
418 52 3 3
401 53 51 51
402 53 51 51
254 56 98 98
115 57 5 5
116 57 5 5
254 57 98 98
383 57 83 83
384 57 83 83
59 60 63 63
59 61 63 63
158 63 116 116
158 64 116 116
204 70 27 27
205 70 27 27
395 71 189 189
395 72 189 189
396 72 189 189
102 75 87 87
162 75 58 58
102 76 87 87
115 76 194 194
116 76 194 194
162 76 58 58
144 77 60 60
145 77 60 60
238 78 193 193
238 79 193 193
239 79 193 193
238 80 193 193
477 80 47 47
172 81 140 140
173 81 140 140
476 81 47 47
477 81 47 47
476 82 47 47
65 84 114 114
64 85 114 114
65 85 114 114
34 89 36 36
35 89 36 36
231 89 7 7
232 89 7 7
233 89 7 7
231 90 7 7
232 90 7 7
270 92 128 128
271 92 128 128
269 93 128 128
270 93 128 128
52 94 34 34
372 94 62 62
373 94 62 62
6 95 197 197
52 95 34 34
325 95 0 0
337 95 35 35
338 95 35 35
339 95 35 35
472 95 66 66
6 96 197 197
7 96 197 197
325 96 0 0
462 96 123 123
472 96 66 66
462 97 123 123
472 97 66 66
305 98 139 139
347 98 148 148
348 98 148 148
462 98 123 123
305 99 139 139
462 99 123 123
460 100 123 123
461 100 123 123
462 100 123 123
460 101 123 123
81 102 6 6
120 102 186 186
81 103 6 6
120 103 186 186
57 108 46 46
58 108 46 46
59 108 46 46
216 108 12 12
217 108 12 12
141 114 127 127
443 114 99 99
444 114 99 99
141 115 127 127
441 115 99 99
443 115 99 99
444 115 99 99
440 116 99 99
441 116 99 99
442 116 99 99
443 116 99 99
439 117 99 99
440 117 99 99
173 120 76 76
174 120 76 76
60 121 65 65
60 122 65 65
96 122 164 164
97 122 164 164
98 122 164 164
99 122 164 164
345 122 151 151
346 122 151 151
98 123 164 164
99 123 164 164
344 123 151 151
345 123 151 151
96 124 164 164
97 124 164 164
98 124 164 164
345 124 151 151
95 125 164 164
96 125 164 164
97 125 164 164
94 126 164 164
95 126 164 164
94 127 164 164
397 128 168 168
147 129 41 41
148 129 41 41
149 129 41 41
150 129 41 41
151 129 41 41
397 129 168 168
139 132 170 170
140 132 170 170
141 132 170 170
16 134 159 159
256 134 53 53
16 135 159 159
17 135 159 159
255 135 53 53
256 135 53 53
257 135 53 53
449 137 199 199
449 138 199 199
117 139 79 79
118 139 79 79
448 139 199 199
449 139 199 199
450 139 199 199
450 140 199 199
364 143 162 162
365 143 162 162
366 143 162 162
33 144 10 10
34 144 10 10
298 145 70 70
298 146 70 70
101 147 167 167
132 147 48 48
206 147 176 176
382 147 75 75
383 147 75 75
101 148 167 167
132 148 48 48
206 148 176 176
383 148 75 75
101 149 167 167
170 149 84 84
101 150 167 167
169 150 84 84
170 150 84 84
171 150 84 84
191 150 107 107
192 150 107 107
256 150 11 11
100 151 167 167
101 151 167 167
102 151 167 167
255 151 11 11
256 151 11 11
257 151 11 11
100 152 167 167
101 152 167 167
101 153 167 167
101 154 167 167
232 155 16 16
233 155 16 16
49 156 56 56
49 157 56 56
335 159 43 43
153 160 165 165
335 160 43 43
336 160 43 43
153 161 165 165
155 161 165 165
336 161 43 43
83 162 149 149
84 162 149 149
85 162 149 149
86 162 149 149
152 162 165 165
153 162 165 165
154 162 165 165
155 162 165 165
84 163 149 149
86 163 149 149
152 163 165 165
85 164 149 149
86 164 149 149
152 164 165 165
85 165 149 149
130 167 68 68
134 167 68 68
130 168 68 68
131 168 68 68
132 168 68 68
133 168 68 68
134 168 68 68
181 168 54 54
182 168 54 54
131 169 68 68
132 169 68 68
133 169 68 68
134 169 68 68
17 170 109 109
16 171 109 109
17 171 109 109
203 172 73 73
201 173 73 73
202 173 73 73
203 173 73 73
275 173 126 126
264 174 192 192
265 174 192 192
275 174 126 126
113 175 196 196
265 175 192 192
274 175 126 126
275 175 126 126
104 176 196 196
105 176 196 196
112 176 196 196
113 176 196 196
114 176 196 196
272 176 126 126
273 176 126 126
274 176 126 126
276 176 126 126
278 176 126 126
339 176 177 177
37 177 86 86
38 177 86 86
104 177 196 196
105 177 196 196
106 177 196 196
107 177 196 196
108 177 196 196
109 177 196 196
110 177 196 196
111 177 196 196
112 177 196 196
113 177 196 196
114 177 196 196
273 177 126 126
274 177 126 126
275 177 126 126
276 177 126 126
277 177 126 126
278 177 126 126
339 177 177 177
104 178 196 196
105 178 196 196
106 178 196 196
107 178 196 196
108 178 196 196
109 178 196 196
110 178 196 196
111 178 196 196
112 178 196 196
113 178 196 196
114 178 196 196
274 178 126 126
275 178 126 126
276 178 126 126
277 178 126 126
311 178 29 29
312 178 29 29
339 178 177 177
400 178 175 175
104 179 196 196
105 179 196 196
106 179 196 196
107 179 196 196
108 179 196 196
109 179 196 196
110 179 196 196
111 179 196 196
112 179 196 196
113 179 196 196
114 179 196 196
276 179 126 126
399 179 175 175
400 179 175 175
104 180 196 196
105 180 196 196
109 180 196 196
110 180 196 196
112 180 196 196
113 180 196 196
114 180 196 196
276 180 126 126
278 180 126 126
106 181 196 196
107 181 196 196
108 181 196 196
109 181 196 196
113 181 196 196
114 181 196 196
274 181 126 126
275 181 126 126
276 181 126 126
277 181 126 126
278 181 126 126
106 182 196 196
107 182 196 196
108 182 196 196
274 182 126 126
275 182 126 126
277 182 126 126
278 182 126 126
104 183 196 196
105 183 196 196
106 183 196 196
107 183 196 196
108 183 196 196
109 183 196 196
110 183 196 196
111 183 196 196
274 183 126 126
275 183 126 126
276 183 126 126
277 183 126 126
278 183 126 126
106 184 196 196
107 184 196 196
277 184 126 126
278 184 126 126
290 184 174 174
291 184 174 174
292 184 174 174
431 184 137 137
432 184 137 137
107 185 196 196
108 185 196 196
109 185 196 196
276 185 126 126
277 185 126 126
290 185 174 174
431 185 137 137
432 185 137 137
433 185 137 137
108 186 196 196
109 186 196 196
175 186 89 89
240 186 30 30
241 186 30 30
275 186 126 126
276 186 126 126
277 186 126 126
278 186 126 126
279 186 126 126
108 187 196 196
109 187 196 196
110 187 196 196
112 187 196 196
113 187 196 196
175 187 89 89
241 187 30 30
275 187 126 126
276 187 126 126
277 187 126 126
278 187 126 126
373 187 190 190
374 187 190 190
480 187 40 40
110 188 196 196
111 188 196 196
112 188 196 196
175 188 89 89
274 188 126 126
275 188 126 126
276 188 126 126
373 188 190 190
480 188 40 40
49 189 37 37
77 189 81 81
111 189 196 196
156 189 119 119
175 189 89 89
275 189 126 126
479 189 40 40
480 189 40 40
49 190 37 37
77 190 81 81
78 190 81 81
156 190 119 119
157 190 119 119
158 190 119 119
157 191 119 119
158 191 119 119
62 193 121 121
62 194 121 121
16 195 32 32
16 196 32 32
165 197 160 160
165 198 160 160
165 199 160 160
39 200 152 152
96 200 158 158
97 200 158 158
98 200 158 158
165 200 160 160
38 201 152 152
39 201 152 152
68 201 14 14
97 201 158 158
98 201 158 158
155 201 4 4
165 201 160 160
188 201 90 90
398 201 77 77
39 202 152 152
68 202 14 14
69 202 14 14
70 202 14 14
155 202 4 4
156 202 4 4
188 202 90 90
398 202 77 77
156 203 4 4
187 203 90 90
188 203 90 90
380 203 55 55
381 203 55 55
48 204 93 93
187 204 90 90
381 204 55 55
382 204 55 55
47 205 93 93
48 205 93 93
309 205 102 102
310 205 102 102
381 205 55 55
382 205 55 55
47 206 93 93
49 206 93 93
50 206 93 93
381 206 55 55
47 207 93 93
48 207 93 93
49 207 93 93
348 207 104 104
94 208 64 64
95 208 64 64
96 208 64 64
348 208 104 104
3 209 185 185
4 209 185 185
5 209 185 185
2 210 185 185
3 210 185 185
328 210 129 129
329 210 129 129
278 217 20 20
279 217 20 20
278 218 20 20
44 219 145 145
278 219 20 20
279 219 20 20
292 219 178 178
293 219 178 178
294 219 178 178
19 220 143 143
20 220 143 143
44 220 145 145
135 220 131 131
278 220 20 20
18 221 143 143
19 221 143 143
20 221 143 143
44 221 145 145
135 221 131 131
278 221 20 20
135 222 131 131
136 222 131 131
233 222 172 172
278 222 20 20
82 223 22 22
83 223 22 22
134 223 131 131
135 223 131 131
152 223 17 17
201 223 142 142
232 223 172 172
233 223 172 172
234 223 172 172
82 224 22 22
97 224 78 78
122 224 31 31
123 224 31 31
151 224 17 17
152 224 17 17
200 224 142 142
201 224 142 142
233 224 172 172
63 225 88 88
64 225 88 88
82 225 22 22
83 225 22 22
96 225 78 78
97 225 78 78
251 225 95 95
252 225 95 95
329 225 182 182
63 226 88 88
82 226 22 22
329 226 182 182
456 226 135 135
272 227 180 180
273 227 180 180
456 227 135 135
2 228 44 44
3 228 44 44
456 228 135 135
182 229 105 105
183 229 105 105
183 230 105 105
184 230 105 105
184 231 105 105
73 232 33 33
73 233 33 33
118 236 184 184
256 236 19 19
3 237 2 2
118 237 184 184
119 237 184 184
256 237 19 19
3 238 2 2
119 238 184 184
120 238 184 184
119 239 184 184
120 239 184 184
120 240 184 184
280 240 80 80
280 241 80 80
281 241 80 80
450 242 138 138
451 242 138 138
452 242 138 138
44 243 173 173
167 243 120 120
168 243 120 120
452 243 138 138
25 244 92 92
44 244 173 173
195 244 166 166
196 244 166 166
24 245 92 92
25 245 92 92
80 245 57 57
81 245 57 57
298 246 1 1
299 246 1 1
343 249 154 154
21 250 130 130
255 250 133 133
343 250 154 154
21 251 130 130
255 251 133 133
331 252 24 24
332 252 24 24
121 254 101 101
122 254 101 101
378 254 195 195
379 254 195 195
378 255 195 195
379 255 195 195
378 256 195 195
379 256 195 195
292 258 94 94
103 259 110 110
291 259 94 94
292 259 94 94
103 260 110 110
389 261 26 26
390 261 26 26
391 261 26 26
390 262 26 26
267 264 187 187
178 265 106 106
265 265 187 187
266 265 187 187
267 265 187 187
268 265 187 187
178 266 106 106
32 268 42 42
32 269 42 42
226 269 96 96
227 269 96 96
56 270 150 150
99 270 91 91
100 270 91 91
356 270 169 169
357 270 169 169
358 270 169 169
359 270 169 169
56 271 150 150
210 271 134 134
377 271 67 67
378 271 67 67
210 272 134 134
211 272 134 134
209 273 134 134
210 273 134 134
434 273 72 72
435 273 72 72
433 274 72 72
434 274 72 72
262 276 188 188
262 277 188 188
429 284 103 103
430 284 103 103
315 285 144 144
316 285 144 144
385 285 15 15
386 285 15 15
407 285 49 49
408 285 49 49
409 285 49 49
18 287 198 198
17 288 198 198
18 288 198 198
459 289 50 50
460 289 50 50
62 290 23 23
61 291 23 23
62 291 23 23
336 291 117 117
337 291 117 117
61 292 23 23
132 292 112 112
133 292 112 112
44 293 9 9
133 293 112 112
134 293 112 112
135 293 112 112
136 293 112 112
43 294 9 9
44 294 9 9
207 295 38 38
208 295 38 38
208 296 38 38
405 296 82 82
437 296 21 21
404 297 82 82
405 297 82 82
437 297 21 21
295 299 122 122
296 299 122 122
339 302 25 25
340 302 25 25
79 303 161 161
80 303 161 161
340 303 25 25
341 303 25 25
342 303 25 25
242 309 52 52
243 309 52 52
244 309 52 52
244 310 52 52
184 312 113 113
185 312 113 113
291 312 97 97
291 313 97 97
216 315 191 191
217 315 191 191
216 316 191 191
217 316 191 191
434 317 18 18
312 318 155 155
434 318 18 18
312 319 155 155
421 319 183 183
434 319 18 18
450 319 136 136
451 319 136 136
421 320 183 183
450 320 136 136
451 320 136 136
