2521 481 321
175 0 135 135
176 0 135 135
302 0 113 113
303 0 113 113
389 0 264 264
390 0 264 264
421 1 75 75
422 1 75 75
423 1 75 75
389 25 175 175
385 26 175 175
386 26 175 175
387 26 175 175
388 26 175 175
389 26 175 175
390 26 175 175
389 27 175 175
390 27 175 175
200 31 298 298
199 32 298 298
200 32 298 298
201 32 298 298
207 32 298 298
200 33 298 298
201 33 298 298
202 33 298 298
203 33 298 298
204 33 298 298
205 33 298 298
206 33 298 298
207 33 298 298
208 33 298 298
200 34 298 298
201 34 298 298
202 34 298 298
204 34 298 298
205 34 298 298
206 34 298 298
200 35 298 298
201 35 298 298
202 35 298 298
203 35 298 298
204 35 298 298
205 35 298 298
200 36 298 298
201 36 298 298
202 36 298 298
203 36 298 298
204 36 298 298
205 36 298 298
206 36 298 298
207 36 298 298
208 36 298 298
209 36 298 298
205 37 298 298
204 38 298 298
205 38 298 298
206 38 298 298
207 38 298 298
200 39 298 298
201 39 298 298
202 39 298 298
203 39 298 298
204 39 298 298
205 39 298 298
200 40 298 298
201 40 298 298
202 40 298 298
203 40 298 298
204 40 298 298
205 40 298 298
206 40 298 298
412 40 163 163
203 41 298 298
204 41 298 298
412 41 163 163
412 42 163 163
377 47 214 214
376 48 214 214
377 48 214 214
415 48 52 52
375 49 214 214
376 49 214 214
377 49 214 214
415 49 52 52
415 50 52 52
415 51 52 52
398 52 216 216
427 52 288 288
476 52 120 120
398 53 216 216
427 53 288 288
472 53 120 120
473 53 120 120
474 53 120 120
475 53 120 120
476 53 120 120
477 53 120 120
154 54 276 276
427 54 288 288
473 54 120 120
154 55 276 276
155 55 276 276
427 55 288 288
51 56 77 77
117 56 248 248
118 56 248 248
154 56 276 276
155 56 276 276
323 56 108 108
324 56 108 108
427 56 288 288
50 57 77 77
51 57 77 77
117 57 248 248
118 57 248 248
119 57 248 248
155 57 276 276
380 57 38 38
393 57 176 176
427 57 288 288
50 58 77 77
116 58 248 248
117 58 248 248
155 58 276 276
184 58 6 6
380 58 38 38
393 58 176 176
427 58 288 288
440 58 174 174
441 58 174 174
16 59 181 181
184 59 6 6
380 59 38 38
393 59 176 176
427 59 288 288
440 59 174 174
456 59 80 80
15 60 181 181
16 60 181 181
17 60 181 181
18 60 181 181
184 60 6 6
274 60 7 7
379 60 38 38
380 60 38 38
384 60 76 76
385 60 76 76
387 60 285 285
388 60 285 285
389 60 285 285
393 60 176 176
456 60 80 80
17 61 181 181
274 61 7 7
275 61 7 7
365 61 198 198
379 61 38 38
384 61 76 76
385 61 76 76
387 61 285 285
393 61 176 176
455 61 80 80
456 61 80 80
465 61 119 119
274 62 7 7
275 62 7 7
346 62 100 100
347 62 100 100
364 62 198 198
365 62 198 198
379 62 38 38
465 62 119 119
347 63 100 100
167 66 115 115
260 66 37 37
261 66 37 37
262 66 37 37
167 67 115 115
168 67 115 115
290 67 81 81
291 67 81 81
224 68 110 110
225 68 110 110
5 70 183 183
6 70 183 183
186 70 14 14
187 70 14 14
466 71 111 111
467 71 111 111
468 71 111 111
108 73 211 211
109 73 211 211
110 73 211 211
50 74 293 293
51 74 293 293
52 74 293 293
108 74 211 211
206 74 130 130
207 74 130 130
208 74 130 130
50 75 293 293
51 75 293 293
173 75 190 190
174 75 190 190
175 75 190 190
51 76 293 293
175 76 190 190
50 77 293 293
51 77 293 293
53 77 293 293
146 77 193 193
175 77 190 190
51 78 293 293
52 78 293 293
53 78 293 293
146 78 193 193
146 79 193 193
383 79 197 197
65 80 150 150
383 80 197 197
421 80 219 219
5 81 189 189
6 81 189 189
65 81 150 150
383 81 197 197
420 81 219 219
421 81 219 219
422 81 219 219
442 81 287 287
443 81 287 287
444 81 287 287
445 81 287 287
446 81 287 287
447 81 287 287
5 82 189 189
65 82 150 150
351 82 289 289
383 82 197 197
384 82 197 197
420 82 219 219
422 82 219 219
423 82 219 219
424 82 219 219
445 82 287 287
446 82 287 287
5 83 189 189
65 83 150 150
66 83 150 150
79 83 238 238
121 83 262 262
245 83 112 112
348 83 289 289
349 83 289 289
350 83 289 289
351 83 289 289
383 83 197 197
424 83 219 219
425 83 219 219
426 83 219 219
5 84 189 189
33 84 162 162
65 84 150 150
76 84 238 238
77 84 238 238
78 84 238 238
79 84 238 238
120 84 262 262
121 84 262 262
122 84 262 262
245 84 112 112
344 84 289 289
345 84 289 289
346 84 289 289
347 84 289 289
348 84 289 289
349 84 289 289
350 84 289 289
351 84 289 289
382 84 197 197
383 84 197 197
384 84 197 197
5 85 189 189
6 85 189 189
33 85 162 162
121 85 262 262
122 85 262 262
123 85 262 262
285 85 294 294
286 85 294 294
287 85 294 294
350 85 289 289
351 85 289 289
378 85 197 197
379 85 197 197
380 85 197 197
381 85 197 197
382 85 197 197
384 85 197 197
6 86 189 189
33 86 162 162
287 86 294 294
379 86 197 197
380 86 197 197
384 86 197 197
33 87 162 162
299 87 35 35
380 87 197 197
298 88 35 35
299 88 35 35
190 89 280 280
191 89 280 280
299 89 35 35
190 90 280 280
221 90 242 242
21 91 279 279
123 91 92 92
152 91 159 159
221 91 242 242
222 91 242 242
18 92 279 279
19 92 279 279
20 92 279 279
21 92 279 279
123 92 92 92
124 92 92 92
150 92 159 159
151 92 159 159
152 92 159 159
17 93 279 279
20 93 279 279
414 93 82 82
415 93 82 82
448 93 230 230
449 93 230 230
450 93 230 230
451 93 230 230
16 94 279 279
17 94 279 279
18 94 279 279
19 94 279 279
20 94 279 279
414 94 82 82
448 94 230 230
451 94 230 230
17 95 279 279
20 95 279 279
181 95 40 40
182 95 40 40
183 95 40 40
159 96 64 64
160 96 64 64
353 96 239 239
354 96 239 239
380 96 194 194
397 96 148 148
378 97 194 194
379 97 194 194
380 97 194 194
381 97 194 194
382 97 194 194
397 97 148 148
444 97 221 221
445 97 221 221
446 97 221 221
447 97 221 221
448 97 221 221
449 97 221 221
131 98 74 74
132 98 74 74
444 98 221 221
446 98 221 221
75 99 277 277
76 99 277 277
226 99 9 9
227 99 9 9
343 99 98 98
344 99 98 98
75 100 277 277
191 101 203 203
192 101 203 203
193 101 203 203
269 101 138 138
270 101 138 138
16 102 104 104
17 102 104 104
18 102 104 104
19 102 104 104
20 102 104 104
21 102 104 104
22 102 104 104
86 102 169 169
191 102 203 203
244 102 258 258
267 102 138 138
268 102 138 138
269 102 138 138
329 102 278 278
438 102 241 241
439 102 241 241
440 102 241 241
20 103 104 104
22 103 104 104
86 103 169 169
217 103 114 114
218 103 114 114
219 103 114 114
243 103 258 258
244 103 258 258
245 103 258 258
269 103 138 138
270 103 138 138
329 103 278 278
124 104 60 60
124 105 60 60
125 105 60 60
273 107 8 8
274 107 8 8
102 109 23 23
103 109 23 23
34 110 195 195
102 110 23 23
21 111 160 160
33 111 195 195
34 111 195 195
102 111 23 23
139 111 268 268
216 111 297 297
217 111 297 297
218 111 297 297
20 112 160 160
21 112 160 160
139 112 268 268
167 113 196 196
301 113 125 125
412 113 124 124
85 114 282 282
86 114 282 282
111 114 149 149
167 114 196 196
300 114 125 125
301 114 125 125
412 114 124 124
110 115 149 149
111 115 149 149
412 115 124 124
413 115 124 124
189 121 139 139
281 121 22 22
282 121 22 22
341 121 33 33
342 121 33 33
343 121 33 33
471 121 299 299
472 121 299 299
155 122 31 31
189 122 139 139
190 122 139 139
471 122 299 299
155 123 31 31
190 123 139 139
471 123 299 299
7 124 184 184
8 124 184 184
101 124 188 188
155 124 31 31
308 124 192 192
309 124 192 192
310 124 192 192
101 125 188 188
309 125 192 192
26 126 158 158
27 126 158 158
39 126 105 105
101 126 188 188
216 126 185 185
39 127 105 105
167 127 45 45
216 127 185 185
167 128 45 45
333 130 88 88
334 130 88 88
254 132 131 131
254 133 131 131
383 133 246 246
384 133 246 246
154 134 143 143
284 134 250 250
285 134 250 250
286 134 250 250
154 135 143 143
305 136 166 166
306 136 166 166
89 139 201 201
131 139 87 87
132 139 87 87
133 139 87 87
87 140 201 201
88 140 201 201
89 140 201 201
90 140 201 201
427 141 156 156
428 141 156 156
211 142 170 170
284 142 129 129
285 142 129 129
467 142 101 101
211 143 170 170
283 143 129 129
284 143 129 129
467 143 101 101
468 143 101 101
469 143 101 101
10 147 228 228
178 147 68 68
10 148 228 228
149 148 83 83
177 148 68 68
178 148 68 68
404 148 1 1
440 148 99 99
441 148 99 99
454 148 11 11
149 149 83 83
199 149 5 5
404 149 1 1
454 149 11 11
455 149 11 11
477 149 27 27
199 150 5 5
200 150 5 5
201 150 5 5
258 150 232 232
259 150 232 232
269 150 51 51
270 150 51 51
271 150 51 51
477 150 27 27
120 151 267 267
121 151 267 267
199 151 5 5
233 151 117 117
117 152 267 267
118 152 267 267
119 152 267 267
120 152 267 267
199 152 5 5
233 152 117 117
82 153 257 257
81 154 257 257
82 154 257 257
138 155 155 155
184 155 263 263
185 155 263 263
138 156 155 155
326 156 164 164
327 156 164 164
328 156 164 164
64 157 71 71
64 158 71 71
294 158 95 95
295 158 95 95
360 158 46 46
360 159 46 46
93 160 61 61
360 160 46 46
374 160 28 28
375 160 28 28
93 161 61 61
151 162 152 152
152 162 152 152
438 162 254 254
439 162 254 254
255 163 36 36
112 164 122 122
113 164 122 122
255 164 36 36
459 164 57 57
460 164 57 57
229 166 171 171
282 166 0 0
283 166 0 0
313 166 237 237
229 167 171 171
311 167 237 237
312 167 237 237
313 167 237 237
387 167 141 141
388 167 141 141
461 168 260 260
462 168 260 260
463 168 260 260
464 168 260 260
59 169 47 47
60 169 47 47
461 169 260 260
124 170 215 215
125 170 215 215
195 170 281 281
196 170 281 281
328 170 226 226
329 170 226 226
125 171 215 215
126 171 215 215
147 175 182 182
148 175 182 182
344 175 58 58
345 175 58 58
396 175 53 53
397 175 53 53
399 175 53 53
65 176 207 207
66 176 207 207
148 176 182 182
170 176 121 121
397 176 53 53
398 176 53 53
399 176 53 53
424 176 235 235
170 177 121 121
171 177 121 121
423 177 235 235
424 177 235 235
170 178 121 121
251 178 274 274
34 179 234 234
35 179 234 234
250 179 274 274
251 179 274 274
252 179 274 274
133 180 106 106
134 180 106 106
135 180 106 106
224 180 165 165
225 180 165 165
226 180 165 165
279 180 42 42
280 180 42 42
441 180 153 153
442 180 153 153
443 180 153 153
224 181 165 165
269 182 118 118
270 182 118 118
376 182 210 210
377 182 210 210
147 185 78 78
147 186 78 78
75 187 286 286
76 187 286 286
76 188 286 286
103 188 90 90
104 188 90 90
105 188 90 90
106 188 90 90
299 188 173 173
300 188 173 173
299 189 173 173
300 189 173 173
339 189 18 18
340 189 18 18
446 189 204 204
447 189 204 204
244 190 13 13
339 190 18 18
340 190 18 18
244 191 13 13
142 192 244 244
143 192 244 244
475 193 116 116
476 193 116 116
475 194 116 116
345 195 191 191
346 195 191 191
408 196 26 26
409 196 26 26
408 197 26 26
25 198 59 59
26 198 59 59
297 198 79 79
298 198 79 79
189 199 177 177
190 199 177 177
411 199 133 133
412 199 133 133
222 200 283 283
221 201 283 283
222 201 283 283
53 202 271 271
54 202 271 271
222 202 283 283
223 202 283 283
224 202 283 283
221 203 283 283
222 203 283 283
223 203 283 283
224 203 283 283
225 203 283 283
317 203 233 233
318 203 233 233
319 203 233 233
320 203 233 233
139 204 126 126
140 204 126 126
220 204 283 283
221 204 283 283
222 204 283 283
319 204 233 233
219 205 283 283
220 205 283 283
391 205 54 54
392 205 54 54
393 205 54 54
26 206 272 272
27 206 272 272
217 206 283 283
218 206 283 283
219 206 283 283
363 206 179 179
364 206 179 179
55 207 73 73
56 207 73 73
99 207 167 167
219 207 283 283
459 207 146 146
55 208 73 73
99 208 167 167
100 208 167 167
177 208 209 209
178 208 209 209
250 208 172 172
251 208 172 172
252 208 172 172
459 208 146 146
178 209 209 209
459 209 146 146
130 212 205 205
130 213 205 205
130 214 205 205
271 214 217 217
272 214 217 217
147 215 236 236
245 215 291 291
246 215 291 291
247 215 291 291
271 215 217 217
359 215 44 44
360 215 44 44
147 216 236 236
218 216 56 56
20 217 84 84
40 217 206 206
41 217 206 206
42 217 206 206
186 217 93 93
187 217 93 93
218 217 56 56
331 217 229 229
332 217 229 229
438 217 266 266
439 217 266 266
440 217 266 266
20 218 84 84
187 218 93 93
188 218 93 93
384 218 251 251
385 218 251 251
386 218 251 251
414 219 94 94
415 219 94 94
103 222 134 134
104 222 134 134
78 224 187 187
79 224 187 187
303 224 213 213
304 224 213 213
303 225 213 213
182 227 168 168
183 227 168 168
184 227 168 168
197 227 137 137
198 227 137 137
15 228 85 85
197 228 137 137
235 228 43 43
15 229 85 85
235 229 43 43
418 230 256 256
419 230 256 256
420 230 256 256
418 231 256 256
419 231 256 256
50 232 102 102
51 232 102 102
120 232 96 96
121 232 96 96
303 232 4 4
305 232 4 4
9 233 145 145
10 233 145 145
139 233 19 19
302 233 4 4
303 233 4 4
304 233 4 4
305 233 4 4
139 234 19 19
302 234 4 4
463 234 224 224
464 234 224 224
300 235 4 4
301 235 4 4
302 235 4 4
303 235 4 4
463 235 224 224
78 236 32 32
79 236 32 32
463 236 224 224
11 237 290 290
55 237 284 284
108 237 21 21
109 237 21 21
273 237 265 265
274 237 265 265
275 237 265 265
276 237 265 265
277 237 265 265
11 238 290 290
55 238 284 284
275 238 265 265
279 238 265 265
273 239 265 265
274 239 265 265
275 239 265 265
276 239 265 265
277 239 265 265
278 239 265 265
279 239 265 265
344 239 30 30
347 239 30 30
348 239 30 30
349 239 30 30
271 240 265 265
272 240 265 265
273 240 265 265
274 240 265 265
275 240 265 265
276 240 265 265
278 240 265 265
279 240 265 265
280 240 265 265
344 240 30 30
345 240 30 30
346 240 30 30
347 240 30 30
348 240 30 30
349 240 30 30
375 240 200 200
376 240 200 200
275 241 265 265
279 241 265 265
339 241 295 295
340 241 295 295
341 241 30 30
342 241 30 30
343 241 30 30
344 241 30 30
345 241 30 30
346 241 30 30
347 241 30 30
348 241 30 30
349 241 30 30
376 241 200 200
236 242 186 186
338 242 295 295
339 242 295 295
340 242 295 295
341 242 30 30
342 242 30 30
344 242 30 30
345 242 30 30
346 242 30 30
347 242 30 30
348 242 30 30
349 242 30 30
132 243 66 66
133 243 66 66
236 243 186 186
337 243 295 295
338 243 295 295
339 243 295 295
340 243 295 295
341 243 295 295
342 243 30 30
343 243 30 30
344 243 30 30
345 243 30 30
346 243 30 30
347 243 30 30
348 243 30 30
349 243 30 30
427 243 127 127
428 243 127 127
132 244 66 66
133 244 66 66
134 244 66 66
236 244 186 186
237 244 186 186
330 244 295 295
335 244 295 295
336 244 295 295
337 244 295 295
338 244 295 295
339 244 295 295
340 244 295 295
341 244 295 295
342 244 295 295
343 244 295 295
345 244 30 30
346 244 30 30
347 244 30 30
348 244 30 30
349 244 30 30
428 244 127 127
237 245 186 186
238 245 186 186
328 245 295 295
329 245 295 295
330 245 295 295
331 245 295 295
334 245 295 295
335 245 295 295
336 245 295 295
337 245 295 295
338 245 295 295
339 245 295 295
340 245 295 295
341 245 295 295
342 245 295 295
343 245 295 295
345 245 30 30
346 245 30 30
347 245 30 30
348 245 30 30
349 245 30 30
77 246 3 3
78 246 3 3
98 246 249 249
237 246 186 186
327 246 295 295
328 246 295 295
329 246 295 295
330 246 295 295
331 246 295 295
332 246 295 295
333 246 295 295
334 246 295 295
335 246 295 295
336 246 295 295
337 246 295 295
338 246 295 295
339 246 295 295
340 246 295 295
345 246 30 30
346 246 30 30
347 246 30 30
348 246 30 30
349 246 30 30
476 246 218 218
477 246 218 218
478 246 218 218
479 246 218 218
480 246 218 218
98 247 249 249
155 247 261 261
163 247 261 261
166 247 261 261
167 247 261 261
305 247 295 295
323 247 295 295
326 247 295 295
327 247 295 295
329 247 295 295
330 247 295 295
331 247 295 295
332 247 295 295
333 247 295 295
334 247 295 295
335 247 295 295
336 247 295 295
337 247 295 295
338 247 295 295
339 247 295 295
340 247 295 295
344 247 30 30
345 247 30 30
346 247 30 30
347 247 30 30
348 247 30 30
349 247 30 30
387 247 252 252
155 248 261 261
156 248 261 261
162 248 261 261
163 248 261 261
164 248 261 261
165 248 261 261
166 248 261 261
167 248 261 261
168 248 261 261
303 248 295 295
304 248 295 295
305 248 295 295
306 248 295 295
320 248 295 295
321 248 295 295
322 248 295 295
323 248 295 295
324 248 295 295
325 248 295 295
326 248 295 295
327 248 295 295
328 248 295 295
329 248 295 295
330 248 295 295
331 248 295 295
332 248 295 295
333 248 295 295
334 248 295 295
335 248 295 295
336 248 295 295
346 248 30 30
347 248 30 30
348 248 30 30
387 248 252 252
152 249 261 261
153 249 261 261
154 249 261 261
155 249 261 261
156 249 261 261
157 249 261 261
158 249 261 261
159 249 261 261
162 249 261 261
163 249 261 261
164 249 261 261
165 249 261 261
166 249 261 261
167 249 261 261
198 249 245 245
211 249 89 89
212 249 89 89
304 249 295 295
305 249 295 295
306 249 295 295
319 249 295 295
320 249 295 295
321 249 295 295
322 249 295 295
323 249 295 295
324 249 295 295
325 249 295 295
326 249 295 295
327 249 295 295
328 249 295 295
329 249 295 295
330 249 295 295
331 249 295 295
332 249 295 295
333 249 295 295
334 249 295 295
335 249 295 295
336 249 295 295
337 249 295 295
338 249 295 295
344 249 30 30
345 249 30 30
346 249 30 30
347 249 30 30
348 249 30 30
387 249 252 252
388 249 252 252
389 249 252 252
152 250 261 261
153 250 261 261
154 250 261 261
155 250 261 261
156 250 261 261
157 250 261 261
158 250 261 261
159 250 261 261
160 250 261 261
161 250 261 261
162 250 261 261
163 250 261 261
164 250 261 261
165 250 261 261
166 250 261 261
167 250 261 261
197 250 245 245
198 250 245 245
211 250 89 89
212 250 89 89
304 250 295 295
305 250 295 295
306 250 295 295
307 250 295 295
308 250 295 295
310 250 295 295
311 250 295 295
312 250 295 295
318 250 295 295
319 250 295 295
320 250 295 295
321 250 295 295
322 250 295 295
323 250 295 295
324 250 295 295
325 250 295 295
326 250 295 295
327 250 295 295
328 250 295 295
329 250 295 295
330 250 295 295
331 250 295 295
332 250 295 295
333 250 295 295
334 250 295 295
335 250 295 295
337 250 295 295
338 250 295 295
342 250 30 30
343 250 30 30
345 250 30 30
346 250 30 30
347 250 30 30
348 250 30 30
152 251 261 261
153 251 261 261
154 251 261 261
159 251 261 261
160 251 261 261
161 251 261 261
162 251 261 261
163 251 261 261
164 251 261 261
165 251 261 261
166 251 261 261
197 251 245 245
198 251 245 245
304 251 295 295
305 251 295 295
306 251 295 295
307 251 295 295
308 251 295 295
309 251 295 295
310 251 295 295
311 251 295 295
312 251 295 295
313 251 295 295
314 251 295 295
315 251 295 295
316 251 295 295
317 251 295 295
318 251 295 295
319 251 295 295
320 251 295 295
321 251 295 295
322 251 295 295
323 251 295 295
324 251 295 295
325 251 295 295
326 251 295 295
327 251 295 295
328 251 295 295
329 251 295 295
330 251 295 295
331 251 295 295
332 251 295 295
333 251 295 295
337 251 295 295
342 251 30 30
343 251 30 30
344 251 30 30
345 251 30 30
346 251 30 30
347 251 30 30
348 251 30 30
152 252 261 261
153 252 261 261
160 252 261 261
161 252 261 261
162 252 261 261
163 252 261 261
164 252 261 261
165 252 261 261
166 252 261 261
167 252 261 261
196 252 245 245
197 252 245 245
299 252 295 295
300 252 295 295
301 252 295 295
302 252 295 295
303 252 295 295
304 252 295 295
305 252 295 295
306 252 295 295
307 252 295 295
308 252 295 295
309 252 295 295
310 252 295 295
311 252 295 295
312 252 295 295
313 252 295 295
314 252 295 295
315 252 295 295
316 252 295 295
317 252 295 295
318 252 295 295
319 252 295 295
320 252 295 295
321 252 295 295
322 252 295 295
323 252 295 295
324 252 295 295
325 252 295 295
326 252 295 295
327 252 295 295
328 252 295 295
329 252 295 295
330 252 295 295
331 252 295 295
332 252 295 295
333 252 295 295
334 252 295 295
335 252 295 295
337 252 295 295
344 252 30 30
345 252 30 30
346 252 30 30
347 252 30 30
152 253 261 261
153 253 261 261
154 253 261 261
155 253 261 261
156 253 261 261
157 253 261 261
158 253 261 261
159 253 261 261
162 253 261 261
163 253 261 261
164 253 261 261
165 253 261 261
166 253 261 261
167 253 261 261
197 253 245 245
198 253 245 245
298 253 295 295
299 253 295 295
302 253 295 295
303 253 295 295
304 253 295 295
305 253 295 295
306 253 295 295
307 253 295 295
308 253 295 295
309 253 295 295
310 253 295 295
311 253 295 295
312 253 295 295
313 253 295 295
314 253 295 295
315 253 295 295
316 253 295 295
317 253 295 295
318 253 295 295
319 253 295 295
320 253 295 295
321 253 295 295
322 253 295 295
323 253 295 295
324 253 295 295
325 253 295 295
330 253 295 295
331 253 295 295
332 253 295 295
333 253 295 295
334 253 295 295
335 253 295 295
336 253 295 295
343 253 30 30
344 253 30 30
345 253 30 30
346 253 30 30
152 254 261 261
153 254 261 261
154 254 261 261
155 254 261 261
156 254 261 261
157 254 261 261
158 254 261 261
159 254 261 261
162 254 261 261
163 254 261 261
164 254 261 261
165 254 261 261
166 254 261 261
167 254 261 261
281 254 295 295
282 254 295 295
283 254 295 295
284 254 295 295
298 254 295 295
299 254 295 295
300 254 295 295
301 254 295 295
302 254 295 295
303 254 295 295
304 254 295 295
305 254 295 295
306 254 295 295
307 254 295 295
308 254 295 295
309 254 295 295
310 254 295 295
311 254 295 295
314 254 295 295
315 254 295 295
316 254 295 295
317 254 295 295
318 254 295 295
319 254 295 295
320 254 295 295
321 254 295 295
322 254 295 295
323 254 295 295
324 254 295 295
325 254 295 295
330 254 295 295
331 254 295 295
332 254 295 295
333 254 295 295
343 254 30 30
344 254 30 30
345 254 30 30
153 255 261 261
154 255 261 261
155 255 261 261
156 255 261 261
157 255 261 261
158 255 261 261
162 255 261 261
163 255 261 261
164 255 261 261
165 255 261 261
166 255 261 261
284 255 295 295
287 255 295 295
290 255 295 295
292 255 295 295
299 255 295 295
302 255 295 295
303 255 295 295
305 255 295 295
306 255 295 295
307 255 295 295
308 255 295 295
309 255 295 295
310 255 295 295
311 255 295 295
315 255 295 295
316 255 295 295
317 255 295 295
318 255 295 295
319 255 295 295
320 255 295 295
321 255 295 295
322 255 295 295
323 255 295 295
324 255 295 295
325 255 295 295
328 255 295 295
329 255 295 295
330 255 295 295
331 255 295 295
41 256 225 225
42 256 225 225
153 256 261 261
154 256 261 261
155 256 261 261
157 256 261 261
269 256 295 295
280 256 295 295
281 256 295 295
282 256 295 295
283 256 295 295
284 256 295 295
285 256 295 295
286 256 295 295
287 256 295 295
288 256 295 295
289 256 295 295
290 256 295 295
291 256 295 295
292 256 295 295
296 256 295 295
297 256 295 295
298 256 295 295
299 256 295 295
300 256 295 295
301 256 295 295
302 256 295 295
303 256 295 295
304 256 295 295
305 256 295 295
306 256 295 295
307 256 295 295
308 256 295 295
309 256 295 295
310 256 295 295
311 256 295 295
312 256 295 295
313 256 295 295
314 256 295 295
315 256 295 295
316 256 295 295
317 256 295 295
318 256 295 295
322 256 295 295
323 256 295 295
324 256 295 295
325 256 295 295
329 256 295 295
330 256 295 295
258 257 295 295
259 257 295 295
260 257 295 295
261 257 295 295
262 257 295 295
268 257 295 295
269 257 295 295
270 257 295 295
271 257 295 295
279 257 295 295
280 257 295 295
281 257 295 295
282 257 295 295
283 257 295 295
284 257 295 295
285 257 295 295
286 257 295 295
287 257 295 295
288 257 295 295
289 257 295 295
290 257 295 295
291 257 295 295
292 257 295 295
293 257 295 295
294 257 295 295
295 257 295 295
296 257 295 295
297 257 295 295
298 257 295 295
299 257 295 295
300 257 295 295
301 257 295 295
302 257 295 295
303 257 295 295
304 257 295 295
305 257 295 295
306 257 295 295
307 257 295 295
308 257 295 295
309 257 295 295
310 257 295 295
311 257 295 295
317 257 295 295
318 257 295 295
319 257 295 295
320 257 295 295
321 257 295 295
322 257 295 295
323 257 295 295
324 257 295 295
325 257 295 295
261 258 295 295
262 258 295 295
263 258 295 295
267 258 295 295
268 258 295 295
269 258 295 295
270 258 295 295
279 258 295 295
280 258 295 295
281 258 295 295
282 258 295 295
283 258 295 295
284 258 295 295
285 258 295 295
286 258 295 295
287 258 295 295
291 258 295 295
292 258 295 295
293 258 295 295
294 258 295 295
295 258 295 295
296 258 295 295
297 258 295 295
298 258 295 295
299 258 295 295
300 258 295 295
304 258 295 295
305 258 295 295
306 258 295 295
307 258 295 295
308 258 295 295
309 258 295 295
310 258 295 295
311 258 295 295
312 258 295 295
313 258 295 295
314 258 295 295
315 258 295 295
316 258 295 295
317 258 295 295
318 258 295 295
319 258 295 295
320 258 295 295
321 258 295 295
322 258 295 295
323 258 295 295
324 258 295 295
261 259 295 295
266 259 295 295
268 259 295 295
269 259 295 295
270 259 295 295
271 259 295 295
272 259 295 295
277 259 295 295
278 259 295 295
279 259 295 295
280 259 295 295
281 259 295 295
282 259 295 295
283 259 295 295
284 259 295 295
285 259 295 295
286 259 295 295
287 259 295 295
290 259 295 295
291 259 295 295
292 259 295 295
293 259 295 295
294 259 295 295
295 259 295 295
296 259 295 295
297 259 295 295
298 259 295 295
299 259 295 295
304 259 295 295
305 259 295 295
306 259 295 295
307 259 295 295
308 259 295 295
309 259 295 295
310 259 295 295
311 259 295 295
314 259 295 295
315 259 295 295
316 259 295 295
317 259 295 295
318 259 295 295
319 259 295 295
320 259 295 295
430 259 212 212
96 260 259 259
254 260 295 295
255 260 295 295
256 260 295 295
257 260 295 295
259 260 295 295
260 260 295 295
261 260 295 295
262 260 295 295
265 260 295 295
266 260 295 295
267 260 295 295
268 260 295 295
269 260 295 295
270 260 295 295
271 260 295 295
272 260 295 295
273 260 295 295
274 260 295 295
277 260 295 295
278 260 295 295
279 260 295 295
280 260 295 295
281 260 295 295
282 260 295 295
283 260 295 295
284 260 295 295
285 260 295 295
286 260 295 295
287 260 295 295
288 260 295 295
289 260 295 295
290 260 295 295
291 260 295 295
292 260 295 295
293 260 295 295
294 260 295 295
295 260 295 295
296 260 295 295
297 260 295 295
298 260 295 295
299 260 295 295
300 260 295 295
304 260 295 295
305 260 295 295
306 260 295 295
307 260 295 295
308 260 295 295
309 260 295 295
310 260 295 295
311 260 295 295
312 260 295 295
313 260 295 295
314 260 295 295
315 260 295 295
320 260 295 295
328 260 295 295
430 260 212 212
75 261 142 142
96 261 259 259
255 261 295 295
256 261 295 295
257 261 295 295
259 261 295 295
260 261 295 295
261 261 295 295
262 261 295 295
263 261 295 295
264 261 295 295
265 261 295 295
267 261 295 295
268 261 295 295
269 261 295 295
270 261 295 295
271 261 295 295
273 261 295 295
274 261 295 295
277 261 295 295
278 261 295 295
279 261 295 295
280 261 295 295
281 261 295 295
282 261 295 295
283 261 295 295
284 261 295 295
285 261 295 295
286 261 295 295
287 261 295 295
288 261 295 295
289 261 295 295
290 261 295 295
291 261 295 295
292 261 295 295
293 261 295 295
294 261 295 295
295 261 295 295
296 261 295 295
297 261 295 295
298 261 295 295
299 261 295 295
300 261 295 295
301 261 295 295
302 261 295 295
303 261 295 295
304 261 295 295
305 261 295 295
306 261 295 295
307 261 295 295
308 261 295 295
309 261 295 295
310 261 295 295
311 261 295 295
312 261 295 295
313 261 295 295
314 261 295 295
317 261 295 295
318 261 295 295
319 261 295 295
320 261 295 295
321 261 295 295
322 261 295 295
326 261 295 295
327 261 295 295
328 261 295 295
369 261 178 178
370 261 178 178
75 262 142 142
96 262 259 259
256 262 295 295
257 262 295 295
260 262 295 295
261 262 295 295
262 262 295 295
263 262 295 295
264 262 295 295
265 262 295 295
266 262 295 295
267 262 295 295
268 262 295 295
269 262 295 295
270 262 295 295
271 262 295 295
273 262 295 295
274 262 295 295
275 262 295 295
276 262 295 295
277 262 295 295
278 262 295 295
280 262 295 295
281 262 295 295
282 262 295 295
283 262 295 295
284 262 295 295
285 262 295 295
286 262 295 295
287 262 295 295
290 262 295 295
291 262 295 295
292 262 295 295
293 262 295 295
294 262 295 295
295 262 295 295
296 262 295 295
297 262 295 295
298 262 295 295
299 262 295 295
300 262 295 295
301 262 295 295
302 262 295 295
303 262 295 295
304 262 295 295
305 262 295 295
306 262 295 295
307 262 295 295
308 262 295 295
309 262 295 295
310 262 295 295
311 262 295 295
312 262 295 295
313 262 295 295
314 262 295 295
315 262 295 295
316 262 295 295
317 262 295 295
318 262 295 295
319 262 295 295
320 262 295 295
321 262 295 295
322 262 295 295
323 262 295 295
324 262 295 295
325 262 295 295
326 262 295 295
327 262 295 295
75 263 142 142
76 263 142 142
232 263 295 295
236 263 295 295
237 263 295 295
238 263 295 295
239 263 295 295
248 263 295 295
255 263 295 295
257 263 295 295
258 263 295 295
259 263 295 295
260 263 295 295
261 263 295 295
262 263 295 295
263 263 295 295
265 263 295 295
267 263 295 295
268 263 295 295
270 263 295 295
271 263 295 295
273 263 295 295
275 263 295 295
276 263 295 295
277 263 295 295
278 263 295 295
280 263 295 295
281 263 295 295
282 263 295 295
283 263 295 295
284 263 295 295
285 263 295 295
286 263 295 295
287 263 295 295
292 263 295 295
293 263 295 295
294 263 295 295
295 263 295 295
296 263 295 295
297 263 295 295
298 263 295 295
299 263 295 295
300 263 295 295
301 263 295 295
302 263 295 295
303 263 295 295
313 263 295 295
314 263 295 295
323 263 295 295
324 263 295 295
325 263 295 295
326 263 295 295
327 263 295 295
328 263 295 295
465 263 273 273
466 263 273 273
231 264 295 295
232 264 295 295
233 264 295 295
234 264 295 295
235 264 295 295
239 264 295 295
241 264 295 295
242 264 295 295
243 264 295 295
244 264 295 295
245 264 295 295
246 264 295 295
247 264 295 295
248 264 295 295
249 264 295 295
254 264 295 295
255 264 295 295
256 264 295 295
257 264 295 295
258 264 295 295
259 264 295 295
260 264 295 295
261 264 295 295
262 264 295 295
263 264 295 295
264 264 295 295
265 264 295 295
266 264 295 295
267 264 295 295
268 264 295 295
269 264 295 295
270 264 295 295
271 264 295 295
272 264 295 295
273 264 295 295
274 264 295 295
275 264 295 295
276 264 295 295
277 264 295 295
278 264 295 295
279 264 295 295
280 264 295 295
281 264 295 295
282 264 295 295
283 264 295 295
284 264 295 295
285 264 295 295
286 264 295 295
287 264 295 295
291 264 295 295
294 264 295 295
295 264 295 295
296 264 295 295
303 264 295 295
314 264 295 295
322 264 295 295
324 264 295 295
326 264 295 295
328 264 295 295
329 264 295 295
404 264 154 154
405 264 154 154
32 265 41 41
216 265 295 295
217 265 295 295
218 265 295 295
219 265 295 295
220 265 295 295
221 265 295 295
222 265 295 295
223 265 295 295
224 265 295 295
230 265 295 295
231 265 295 295
233 265 295 295
234 265 295 295
235 265 295 295
238 265 295 295
239 265 295 295
241 265 295 295
242 265 295 295
243 265 295 295
244 265 295 295
245 265 295 295
246 265 295 295
247 265 295 295
248 265 295 295
249 265 295 295
250 265 295 295
252 265 295 295
253 265 295 295
254 265 295 295
255 265 295 295
256 265 295 295
257 265 295 295
258 265 295 295
259 265 295 295
260 265 295 295
261 265 295 295
262 265 295 295
263 265 295 295
264 265 295 295
265 265 295 295
266 265 295 295
267 265 295 295
268 265 295 295
269 265 295 295
270 265 295 295
271 265 295 295
272 265 295 295
273 265 295 295
274 265 295 295
275 265 295 295
276 265 295 295
277 265 295 295
278 265 295 295
279 265 295 295
281 265 295 295
282 265 295 295
283 265 295 295
284 265 295 295
285 265 295 295
286 265 295 295
287 265 295 295
291 265 295 295
294 265 295 295
295 265 295 295
322 265 295 295
323 265 295 295
324 265 295 295
326 265 295 295
32 266 41 41
221 266 295 295
222 266 295 295
223 266 295 295
224 266 295 295
225 266 295 295
226 266 295 295
227 266 295 295
228 266 295 295
229 266 295 295
230 266 295 295
231 266 295 295
233 266 295 295
234 266 295 295
235 266 295 295
236 266 295 295
237 266 295 295
238 266 295 295
239 266 295 295
241 266 295 295
242 266 295 295
243 266 295 295
244 266 295 295
245 266 295 295
246 266 295 295
247 266 295 295
249 266 295 295
250 266 295 295
251 266 295 295
252 266 295 295
253 266 295 295
254 266 295 295
255 266 295 295
256 266 295 295
257 266 295 295
258 266 295 295
259 266 295 295
260 266 295 295
261 266 295 295
262 266 295 295
263 266 295 295
264 266 295 295
265 266 295 295
266 266 295 295
267 266 295 295
268 266 295 295
269 266 295 295
270 266 295 295
271 266 295 295
281 266 295 295
282 266 295 295
283 266 295 295
284 266 295 295
286 266 295 295
287 266 295 295
288 266 295 295
289 266 295 295
290 266 295 295
291 266 295 295
292 266 295 295
293 266 295 295
294 266 295 295
295 266 295 295
223 267 295 295
227 267 295 295
228 267 295 295
229 267 295 295
232 267 295 295
233 267 295 295
234 267 295 295
235 267 295 295
236 267 295 295
237 267 295 295
238 267 295 295
239 267 295 295
240 267 295 295
241 267 295 295
242 267 295 295
243 267 295 295
244 267 295 295
245 267 295 295
246 267 295 295
247 267 295 295
249 267 295 295
250 267 295 295
251 267 295 295
252 267 295 295
253 267 295 295
254 267 295 295
255 267 295 295
256 267 295 295
257 267 295 295
258 267 295 295
259 267 295 295
260 267 295 295
261 267 295 295
262 267 295 295
263 267 295 295
264 267 295 295
265 267 295 295
266 267 295 295
267 267 295 295
268 267 295 295
272 267 295 295
273 267 295 295
274 267 295 295
275 267 295 295
276 267 295 295
277 267 295 295
278 267 295 295
279 267 295 295
280 267 295 295
281 267 295 295
283 267 295 295
284 267 295 295
287 267 295 295
293 267 295 295
222 268 295 295
223 268 295 295
226 268 295 295
227 268 295 295
228 268 295 295
229 268 295 295
232 268 295 295
233 268 295 295
234 268 295 295
235 268 295 295
236 268 295 295
240 268 295 295
241 268 295 295
242 268 295 295
243 268 295 295
244 268 295 295
245 268 295 295
246 268 295 295
247 268 295 295
249 268 295 295
250 268 295 295
251 268 295 295
252 268 295 295
253 268 295 295
254 268 295 295
255 268 295 295
256 268 295 295
257 268 295 295
258 268 295 295
259 268 295 295
260 268 295 295
261 268 295 295
262 268 295 295
263 268 295 295
264 268 295 295
265 268 295 295
266 268 295 295
267 268 295 295
268 268 295 295
269 268 295 295
272 268 295 295
273 268 295 295
274 268 295 295
275 268 295 295
276 268 295 295
277 268 295 295
278 268 295 295
279 268 295 295
280 268 295 295
281 268 295 295
282 268 295 295
283 268 295 295
284 268 295 295
285 268 295 295
286 268 295 295
220 269 295 295
221 269 295 295
222 269 295 295
225 269 295 295
226 269 295 295
227 269 295 295
228 269 295 295
229 269 295 295
230 269 295 295
232 269 295 295
233 269 295 295
234 269 295 295
235 269 295 295
236 269 295 295
237 269 295 295
240 269 295 295
241 269 295 295
242 269 295 295
243 269 295 295
246 269 295 295
247 269 295 295
248 269 295 295
249 269 295 295
250 269 295 295
251 269 295 295
252 269 295 295
253 269 295 295
254 269 295 295
255 269 295 295
256 269 295 295
257 269 295 295
258 269 295 295
259 269 295 295
260 269 295 295
261 269 295 295
262 269 295 295
263 269 295 295
264 269 295 295
265 269 295 295
266 269 295 295
267 269 295 295
268 269 295 295
269 269 295 295
270 269 295 295
271 269 295 295
272 269 295 295
273 269 295 295
274 269 295 295
275 269 295 295
276 269 295 295
277 269 295 295
278 269 295 295
279 269 295 295
283 269 295 295
284 269 295 295
285 269 295 295
69 270 34 34
219 270 295 295
220 270 295 295
221 270 295 295
222 270 295 295
223 270 295 295
224 270 295 295
225 270 295 295
226 270 295 295
227 270 295 295
228 270 295 295
229 270 295 295
230 270 295 295
231 270 295 295
232 270 295 295
233 270 295 295
234 270 295 295
235 270 295 295
236 270 295 295
237 270 295 295
238 270 295 295
241 270 295 295
242 270 295 295
243 270 295 295
246 270 295 295
247 270 295 295
248 270 295 295
249 270 295 295
250 270 295 295
251 270 295 295
255 270 295 295
259 270 295 295
260 270 295 295
261 270 295 295
262 270 295 295
263 270 295 295
264 270 295 295
265 270 295 295
266 270 295 295
267 270 295 295
268 270 295 295
269 270 295 295
270 270 295 295
271 270 295 295
272 270 295 295
273 270 295 295
274 270 295 295
275 270 295 295
276 270 295 295
277 270 295 295
278 270 295 295
279 270 295 295
283 270 295 295
285 270 295 295
68 271 34 34
69 271 34 34
218 271 295 295
219 271 295 295
220 271 295 295
221 271 295 295
222 271 295 295
223 271 295 295
224 271 295 295
225 271 295 295
226 271 295 295
227 271 295 295
228 271 295 295
229 271 295 295
230 271 295 295
232 271 295 295
235 271 295 295
241 271 295 295
242 271 295 295
247 271 295 295
248 271 295 295
249 271 295 295
250 271 295 295
255 271 295 295
262 271 295 295
263 271 295 295
264 271 295 295
265 271 295 295
266 271 295 295
267 271 295 295
268 271 295 295
269 271 295 295
270 271 295 295
271 271 295 295
272 271 295 295
273 271 295 295
274 271 295 295
275 271 295 295
276 271 295 295
277 271 295 295
278 271 295 295
279 271 295 295
280 271 295 295
281 271 295 295
282 271 295 295
285 271 295 295
68 272 34 34
217 272 295 295
219 272 295 295
221 272 295 295
222 272 295 295
223 272 295 295
227 272 295 295
229 272 295 295
230 272 295 295
231 272 295 295
235 272 295 295
247 272 295 295
248 272 295 295
250 272 295 295
251 272 295 295
252 272 295 295
255 272 295 295
257 272 295 295
258 272 295 295
264 272 295 295
272 272 295 295
273 272 295 295
285 272 295 295
286 272 295 295
287 272 295 295
332 272 231 231
333 272 231 231
334 272 231 231
217 273 295 295
218 273 295 295
219 273 295 295
220 273 295 295
221 273 295 295
235 273 295 295
247 273 295 295
254 273 295 295
255 273 295 295
256 273 295 295
257 273 295 295
273 273 295 295
221 274 295 295
222 274 295 295
273 274 295 295
274 274 295 295
346 274 17 17
347 274 17 17
2 275 247 247
3 275 247 247
104 275 269 269
274 275 295 295
378 275 29 29
379 275 29 29
102 276 269 269
103 276 269 269
104 276 269 269
93 277 269 269
94 277 269 269
99 277 269 269
100 277 269 269
101 277 269 269
102 277 269 269
104 277 269 269
105 277 269 269
106 277 269 269
107 277 269 269
108 277 269 269
109 277 269 269
15 278 136 136
16 278 136 136
90 278 269 269
94 278 269 269
95 278 269 269
98 278 269 269
99 278 269 269
100 278 269 269
101 278 269 269
102 278 269 269
103 278 269 269
88 279 269 269
89 279 269 269
90 279 269 269
91 279 269 269
92 279 269 269
93 279 269 269
94 279 269 269
95 279 269 269
96 279 269 269
97 279 269 269
98 279 269 269
102 279 269 269
103 279 269 269
96 280 269 269
362 280 49 49
279 281 25 25
280 281 25 25
362 281 49 49
363 281 49 49
396 281 70 70
397 281 70 70
434 281 97 97
435 281 97 97
244 282 128 128
245 282 128 128
362 282 49 49
434 282 97 97
435 282 97 97
327 283 69 69
290 284 202 202
291 284 202 202
327 284 69 69
291 285 202 202
449 285 243 243
449 286 243 243
450 286 243 243
451 286 243 243
452 286 243 243
451 287 243 243
38 288 220 220
39 288 220 220
46 288 10 10
47 288 10 10
48 288 10 10
428 288 208 208
429 288 208 208
38 289 220 220
39 289 220 220
46 289 10 10
261 289 67 67
428 289 208 208
204 290 91 91
205 290 91 91
261 290 67 67
359 290 12 12
428 290 208 208
9 291 2 2
10 291 2 2
359 291 12 12
360 291 12 12
428 291 208 208
150 292 103 103
150 293 103 103
348 293 296 296
348 294 296 296
349 294 296 296
413 294 144 144
414 294 144 144
415 294 144 144
195 295 161 161
292 295 86 86
293 295 86 86
194 296 161 161
195 296 161 161
226 296 16 16
227 296 16 16
101 298 222 222
218 298 227 227
219 298 227 227
220 298 227 227
467 298 275 275
468 298 275 275
469 298 275 275
470 298 275 275
11 299 15 15
12 299 15 15
101 299 222 222
101 300 222 222
441 300 157 157
442 300 157 157
381 301 65 65
382 301 65 65
441 301 157 157
442 301 157 157
441 302 157 157
145 304 255 255
146 304 255 255
146 305 255 255
211 305 199 199
146 306 255 255
180 306 240 240
181 306 240 240
211 306 199 199
235 306 62 62
236 306 62 62
392 306 123 123
393 306 123 123
394 306 123 123
401 306 132 132
402 306 132 132
351 307 24 24
352 307 24 24
393 307 123 123
36 308 50 50
37 308 50 50
62 308 55 55
82 308 292 292
37 309 50 50
38 309 50 50
61 309 55 55
62 309 55 55
63 309 55 55
82 309 292 292
274 309 223 223
275 309 223 223
276 309 223 223
82 310 292 292
3 311 39 39
318 311 270 270
3 312 39 39
318 312 270 270
318 313 270 270
422 314 20 20
423 314 20 20
180 315 48 48
180 316 48 48
181 316 48 48
220 316 109 109
338 316 107 107
339 316 107 107
381 316 72 72
457 316 253 253
458 316 253 253
219 317 109 109
220 317 109 109
381 317 72 72
458 317 253 253
131 318 140 140
424 318 180 180
57 319 147 147
131 319 140 140
424 319 180 180
13 320 63 63
14 320 63 63
57 320 147 147
268 320 151 151
269 320 151 151
270 320 151 151
