3471 481 321
216 0 118 118
217 0 118 118
220 0 118 118
221 0 118 118
216 1 118 118
217 1 118 118
218 1 118 118
219 1 118 118
220 1 118 118
221 1 118 118
342 35 95 95
341 36 95 95
342 36 95 95
339 37 95 95
340 37 95 95
341 37 95 95
342 37 95 95
343 37 95 95
338 38 95 95
339 38 95 95
341 38 95 95
342 38 95 95
343 38 95 95
330 79 105 105
324 80 74 74
325 80 74 74
326 80 74 74
330 80 105 105
323 81 74 74
324 81 74 74
330 81 105 105
323 82 74 74
324 82 74 74
330 82 105 105
331 82 105 105
349 82 3 3
350 82 3 3
323 83 74 74
330 83 105 105
331 83 105 105
347 83 3 3
348 83 3 3
349 83 3 3
330 84 105 105
331 84 105 105
331 85 105 105
332 85 105 105
284 87 62 62
285 87 62 62
284 88 62 62
351 88 83 83
353 88 83 83
354 88 83 83
284 89 62 62
351 89 83 83
352 89 83 83
353 89 83 83
352 90 83 83
335 97 86 86
336 97 86 86
337 97 86 86
338 97 86 86
290 98 27 27
336 98 86 86
338 98 86 86
339 98 86 86
289 99 27 27
290 99 27 27
290 100 27 27
291 100 27 27
290 101 27 27
291 101 27 27
298 101 59 59
337 101 76 76
338 101 76 76
339 101 76 76
340 101 76 76
298 102 59 59
299 102 59 59
337 102 76 76
340 102 76 76
341 102 76 76
298 103 59 59
299 103 59 59
341 103 76 76
298 104 59 59
299 104 59 59
180 105 44 44
179 106 44 44
180 106 44 44
179 107 44 44
180 107 44 44
180 108 44 44
244 115 23 23
245 115 23 23
246 115 23 23
245 116 23 23
246 116 23 23
244 117 23 23
245 117 23 23
244 118 23 23
150 124 24 24
150 125 24 24
150 126 24 24
151 126 24 24
152 126 24 24
152 127 24 24
153 127 24 24
250 127 107 107
251 127 107 107
252 127 107 107
253 127 107 107
11 128 34 34
12 128 34 34
97 128 88 88
251 128 107 107
253 128 107 107
12 129 34 34
13 129 34 34
14 129 34 34
93 129 88 88
94 129 88 88
95 129 88 88
96 129 88 88
97 129 88 88
162 129 104 104
163 129 104 104
164 129 104 104
165 129 104 104
92 130 88 88
93 130 88 88
163 130 104 104
164 130 104 104
165 130 104 104
88 131 88 88
89 131 88 88
90 131 88 88
91 131 88 88
92 131 88 88
136 132 2 2
135 133 2 2
136 133 2 2
137 133 2 2
36 134 87 87
37 134 87 87
38 134 87 87
137 134 2 2
197 140 149 149
190 141 149 149
191 141 149 149
195 141 149 149
196 141 149 149
197 141 149 149
198 141 149 149
199 141 149 149
204 141 149 149
208 141 149 149
209 141 149 149
210 141 149 149
211 141 149 149
189 142 149 149
190 142 149 149
191 142 149 149
192 142 149 149
195 142 149 149
196 142 149 149
197 142 149 149
198 142 149 149
199 142 149 149
201 142 149 149
202 142 149 149
203 142 149 149
204 142 149 149
205 142 149 149
206 142 149 149
207 142 149 149
208 142 149 149
209 142 149 149
210 142 149 149
211 142 149 149
215 142 136 136
216 142 136 136
217 142 136 136
218 142 136 136
219 142 136 136
220 142 136 136
221 142 136 136
222 142 136 136
223 142 136 136
187 143 149 149
188 143 149 149
192 143 149 149
198 143 149 149
199 143 149 149
200 143 149 149
201 143 149 149
202 143 149 149
203 143 149 149
204 143 149 149
205 143 136 136
206 143 136 136
207 143 136 136
208 143 149 149
209 143 149 149
210 143 149 149
211 143 149 149
212 143 136 136
213 143 136 136
214 143 136 136
218 143 136 136
219 143 136 136
220 143 136 136
221 143 136 136
222 143 136 136
223 143 136 136
224 143 136 136
232 143 127 127
233 143 124 124
234 143 124 124
235 143 124 124
236 143 124 124
237 143 124 124
238 143 124 124
239 143 124 124
250 143 126 126
251 143 126 126
252 143 126 126
253 143 126 126
254 143 126 126
255 143 126 126
256 143 126 126
257 143 126 126
258 143 126 126
259 143 126 126
260 143 126 126
261 143 126 126
262 143 126 126
263 143 126 126
264 143 126 126
267 143 126 126
268 143 126 126
269 143 126 126
270 143 126 126
288 143 98 98
290 143 98 98
294 143 98 98
295 143 98 98
296 143 98 98
297 143 98 98
302 143 98 98
303 143 98 98
175 144 149 149
176 144 149 149
180 144 149 149
181 144 149 149
187 144 149 149
188 144 149 149
189 144 149 149
190 144 149 149
191 144 149 149
192 144 149 149
193 144 149 149
194 144 149 149
195 144 149 149
196 144 149 149
197 144 149 149
198 144 149 149
199 144 149 149
200 144 149 149
201 144 149 149
202 144 149 149
203 144 149 149
204 144 136 136
205 144 136 136
206 144 136 136
207 144 136 136
208 144 136 136
209 144 136 136
210 144 136 136
211 144 136 136
212 144 136 136
213 144 136 136
214 144 136 136
215 144 136 136
217 144 136 136
218 144 136 136
219 144 136 136
220 144 136 136
221 144 136 136
222 144 136 136
223 144 136 136
224 144 136 136
225 144 136 136
226 144 127 127
230 144 127 127
231 144 127 127
232 144 127 127
233 144 127 127
234 144 127 127
235 144 127 127
236 144 124 124
237 144 124 124
238 144 124 124
239 144 124 124
240 144 124 124
246 144 124 124
250 144 124 124
251 144 126 126
252 144 124 124
253 144 126 126
254 144 124 124
255 144 126 126
256 144 126 126
257 144 126 126
258 144 126 126
259 144 126 126
260 144 126 126
261 144 126 126
262 144 126 126
263 144 126 126
264 144 126 126
265 144 126 126
266 144 126 126
267 144 126 126
268 144 126 126
269 144 126 126
270 144 126 126
271 144 126 126
274 144 126 126
275 144 126 126
276 144 126 126
282 144 126 126
286 144 126 126
287 144 98 98
288 144 98 98
289 144 98 98
290 144 98 98
291 144 98 98
292 144 98 98
293 144 98 98
294 144 98 98
295 144 98 98
297 144 98 98
300 144 98 98
301 144 98 98
302 144 98 98
306 144 98 98
175 145 149 149
176 145 149 149
177 145 149 149
180 145 149 149
181 145 149 149
186 145 149 149
187 145 149 149
188 145 149 149
189 145 149 149
190 145 149 149
191 145 149 149
192 145 149 149
193 145 149 149
194 145 149 149
195 145 149 149
196 145 149 149
197 145 149 149
198 145 149 149
199 145 149 149
200 145 149 149
201 145 149 149
202 145 149 149
203 145 136 136
204 145 136 136
205 145 136 136
206 145 136 136
207 145 136 136
208 145 136 136
209 145 136 136
210 145 136 136
211 145 136 136
212 145 136 136
213 145 136 136
214 145 136 136
215 145 136 136
216 145 136 136
217 145 136 136
218 145 136 136
219 145 136 136
220 145 136 136
222 145 136 136
223 145 136 136
224 145 127 127
225 145 127 127
226 145 127 127
227 145 127 127
230 145 127 127
231 145 127 127
232 145 127 127
233 145 127 127
234 145 127 127
235 145 127 127
236 145 127 127
237 145 127 127
238 145 127 127
239 145 124 124
240 145 124 124
241 145 124 124
242 145 124 124
243 145 124 124
244 145 124 124
245 145 124 124
246 145 124 124
247 145 124 124
248 145 124 124
249 145 124 124
250 145 124 124
251 145 124 124
252 145 124 124
253 145 124 124
254 145 124 124
255 145 124 124
256 145 124 124
257 145 124 124
258 145 124 124
259 145 124 124
260 145 124 124
261 145 126 126
262 145 126 126
263 145 124 124
264 145 126 126
265 145 126 126
266 145 126 126
267 145 126 126
268 145 126 126
269 145 126 126
270 145 126 126
271 145 126 126
272 145 126 126
273 145 126 126
274 145 126 126
275 145 126 126
276 145 126 126
277 145 126 126
278 145 126 126
281 145 126 126
282 145 126 126
285 145 126 126
286 145 126 126
287 145 98 98
288 145 98 98
289 145 98 98
290 145 126 126
291 145 98 98
292 145 98 98
293 145 98 98
294 145 98 98
297 145 98 98
299 145 98 98
300 145 98 98
301 145 98 98
302 145 98 98
303 145 98 98
305 145 98 98
306 145 98 98
157 146 80 80
158 146 80 80
159 146 80 80
160 146 80 80
176 146 149 149
177 146 149 149
178 146 149 149
179 146 149 149
180 146 149 149
181 146 149 149
184 146 149 149
185 146 149 149
186 146 149 149
187 146 149 149
188 146 149 149
189 146 149 149
190 146 149 149
191 146 149 149
192 146 149 149
193 146 149 149
194 146 149 149
195 146 149 149
196 146 149 149
197 146 149 149
198 146 149 149
199 146 149 149
200 146 149 149
201 146 136 136
202 146 136 136
203 146 136 136
204 146 136 136
205 146 136 136
206 146 136 136
207 146 136 136
208 146 136 136
209 146 136 136
210 146 136 136
211 146 136 136
212 146 136 136
213 146 136 136
214 146 136 136
215 146 136 136
216 146 136 136
217 146 136 136
218 146 136 136
219 146 136 136
220 146 136 136
221 146 136 136
222 146 136 136
223 146 136 136
224 146 136 136
225 146 136 136
226 146 127 127
227 146 127 127
228 146 127 127
229 146 127 127
230 146 127 127
231 146 127 127
232 146 127 127
233 146 127 127
236 146 127 127
237 146 127 127
238 146 127 127
239 146 127 127
240 146 127 127
241 146 127 127
242 146 127 127
243 146 127 127
244 146 127 127
245 146 127 127
246 146 127 127
247 146 127 127
248 146 127 127
249 146 127 127
250 146 127 127
251 146 127 127
252 146 127 127
253 146 127 127
254 146 127 127
255 146 127 127
256 146 124 124
257 146 124 124
258 146 124 124
259 146 124 124
260 146 124 124
261 146 124 124
262 146 124 124
263 146 124 124
264 146 124 124
265 146 124 124
266 146 124 124
267 146 124 124
268 146 124 124
269 146 124 124
270 146 124 124
271 146 124 124
272 146 126 126
273 146 126 126
276 146 126 126
277 146 126 126
278 146 126 126
279 146 126 126
280 146 126 126
281 146 126 126
282 146 126 126
283 146 126 126
284 146 126 126
285 146 126 126
286 146 126 126
287 146 126 126
289 146 98 98
290 146 126 126
291 146 126 126
292 146 98 98
293 146 98 98
296 146 98 98
297 146 98 98
298 146 98 98
299 146 98 98
300 146 98 98
301 146 98 98
302 146 98 98
303 146 98 98
304 146 98 98
305 146 98 98
306 146 98 98
158 147 80 80
159 147 80 80
176 147 149 149
177 147 149 149
178 147 149 149
179 147 149 149
180 147 149 149
181 147 149 149
182 147 149 149
183 147 149 149
184 147 149 149
185 147 149 149
186 147 149 149
187 147 149 149
188 147 149 149
189 147 149 149
190 147 149 149
191 147 149 149
192 147 149 149
193 147 149 149
194 147 149 149
195 147 149 149
196 147 149 149
197 147 149 149
198 147 149 149
199 147 149 149
200 147 136 136
201 147 136 136
202 147 136 136
203 147 136 136
204 147 136 136
205 147 136 136
206 147 136 136
207 147 136 136
208 147 136 136
209 147 136 136
210 147 136 136
211 147 136 136
212 147 136 136
213 147 136 136
214 147 136 136
215 147 136 136
216 147 136 136
217 147 136 136
218 147 136 136
219 147 136 136
220 147 136 136
221 147 136 136
222 147 136 136
223 147 136 136
224 147 136 136
225 147 136 136
226 147 127 127
227 147 127 127
228 147 127 127
229 147 127 127
230 147 127 127
231 147 127 127
232 147 127 127
236 147 127 127
237 147 127 127
238 147 127 127
239 147 127 127
242 147 127 127
243 147 127 127
244 147 127 127
245 147 127 127
246 147 127 127
247 147 127 127
248 147 127 127
249 147 127 127
250 147 127 127
251 147 127 127
252 147 127 127
253 147 127 127
256 147 127 127
257 147 124 124
258 147 124 124
259 147 124 124
260 147 124 124
261 147 124 124
262 147 124 124
263 147 124 124
264 147 124 124
265 147 124 124
266 147 124 124
267 147 124 124
268 147 124 124
269 147 124 124
270 147 124 124
271 147 124 124
272 147 126 126
273 147 126 126
274 147 126 126
275 147 126 126
276 147 126 126
277 147 126 126
278 147 126 126
279 147 126 126
280 147 126 126
281 147 126 126
282 147 126 126
283 147 126 126
284 147 126 126
285 147 126 126
286 147 126 126
287 147 126 126
289 147 126 126
290 147 126 126
291 147 126 126
292 147 98 98
293 147 98 98
294 147 98 98
296 147 98 98
297 147 98 98
298 147 98 98
299 147 98 98
300 147 98 98
301 147 98 98
302 147 98 98
303 147 98 98
304 147 98 98
305 147 98 98
158 148 80 80
164 148 149 149
173 148 149 149
174 148 149 149
175 148 149 149
176 148 149 149
177 148 149 149
178 148 149 149
179 148 149 149
180 148 149 149
181 148 149 149
182 148 149 149
183 148 149 149
184 148 149 149
185 148 149 149
186 148 149 149
187 148 149 149
188 148 149 149
189 148 149 149
190 148 149 149
191 148 149 149
192 148 149 149
193 148 149 149
194 148 149 149
195 148 136 136
196 148 136 136
197 148 136 136
198 148 136 136
199 148 136 136
200 148 136 136
201 148 136 136
202 148 136 136
203 148 136 136
204 148 136 136
205 148 136 136
206 148 136 136
207 148 136 136
208 148 136 136
209 148 136 136
210 148 136 136
211 148 136 136
212 148 136 136
213 148 136 136
214 148 127 127
215 148 127 127
216 148 136 136
217 148 136 136
218 148 127 127
219 148 127 127
220 148 127 127
221 148 127 127
222 148 136 136
223 148 136 136
224 148 136 136
225 148 136 136
226 148 136 136
227 148 136 136
228 148 127 127
229 148 127 127
230 148 127 127
231 148 127 127
232 148 127 127
238 148 127 127
239 148 127 127
243 148 127 127
244 148 127 127
245 148 127 127
246 148 127 127
249 148 127 127
250 148 127 127
251 148 127 127
252 148 127 127
253 148 127 127
256 148 127 127
257 148 127 127
258 148 127 127
259 148 127 127
260 148 127 127
261 148 127 127
262 148 124 124
263 148 124 124
264 148 124 124
265 148 124 124
266 148 124 124
267 148 124 124
268 148 124 124
269 148 124 124
270 148 124 124
271 148 126 126
272 148 126 126
273 148 126 126
274 148 126 126
275 148 126 126
276 148 126 126
277 148 126 126
278 148 126 126
279 148 126 126
280 148 126 126
281 148 126 126
282 148 126 126
283 148 126 126
284 148 126 126
285 148 126 126
286 148 126 126
287 148 126 126
288 148 126 126
289 148 126 126
290 148 126 126
291 148 126 126
292 148 126 126
293 148 98 98
294 148 98 98
295 148 98 98
296 148 98 98
297 148 98 98
298 148 98 98
299 148 98 98
300 148 98 98
301 148 98 98
302 148 98 98
303 148 98 98
304 148 98 98
154 149 80 80
155 149 80 80
156 149 80 80
157 149 80 80
158 149 80 80
164 149 149 149
169 149 149 149
170 149 149 149
173 149 149 149
174 149 149 149
175 149 149 149
176 149 149 149
177 149 149 149
178 149 149 149
179 149 149 149
180 149 149 149
181 149 149 149
182 149 149 149
183 149 149 149
184 149 149 149
185 149 149 149
186 149 149 149
187 149 149 149
188 149 149 149
189 149 149 149
190 149 149 149
191 149 149 149
192 149 149 149
193 149 149 149
194 149 149 149
195 149 149 149
196 149 136 136
197 149 136 136
198 149 136 136
199 149 136 136
200 149 136 136
201 149 136 136
202 149 136 136
203 149 136 136
204 149 136 136
205 149 136 136
206 149 136 136
207 149 136 136
208 149 136 136
209 149 136 136
210 149 136 136
211 149 136 136
212 149 136 136
213 149 136 136
214 149 127 127
215 149 127 127
216 149 136 136
217 149 127 127
218 149 127 127
219 149 127 127
220 149 127 127
221 149 127 127
222 149 136 136
223 149 136 136
224 149 136 136
225 149 136 136
226 149 136 136
227 149 136 136
228 149 127 127
229 149 127 127
230 149 127 127
231 149 127 127
232 149 127 127
233 149 127 127
241 149 127 127
242 149 127 127
243 149 127 127
244 149 127 127
245 149 127 127
249 149 127 127
250 149 127 127
251 149 127 127
252 149 127 127
253 149 127 127
254 149 127 127
255 149 127 127
256 149 127 127
257 149 127 127
258 149 127 127
259 149 127 127
260 149 127 127
261 149 127 127
262 149 124 124
263 149 124 124
264 149 124 124
265 149 124 124
266 149 124 124
267 149 124 124
268 149 124 124
269 149 124 124
270 149 124 124
271 149 124 124
272 149 124 124
273 149 124 124
274 149 124 124
275 149 124 124
276 149 124 124
277 149 124 124
278 149 124 124
279 149 124 124
280 149 126 126
281 149 126 126
282 149 126 126
283 149 126 126
284 149 126 126
285 149 126 126
286 149 126 126
287 149 126 126
288 149 126 126
289 149 126 126
290 149 126 126
291 149 126 126
292 149 126 126
293 149 126 126
294 149 98 98
295 149 98 98
296 149 98 98
297 149 98 98
298 149 98 98
300 149 98 98
301 149 98 98
302 149 98 98
303 149 98 98
304 149 98 98
305 149 98 98
155 150 80 80
156 150 80 80
157 150 80 80
158 150 80 80
163 150 149 149
164 150 149 149
167 150 149 149
169 150 149 149
170 150 149 149
172 150 149 149
173 150 149 149
174 150 149 149
175 150 149 149
176 150 149 149
177 150 149 149
178 150 149 149
179 150 149 149
180 150 149 149
181 150 149 149
182 150 149 149
183 150 149 149
184 150 149 149
185 150 149 149
186 150 149 149
187 150 149 149
188 150 149 149
189 150 149 149
190 150 136 136
191 150 136 136
192 150 136 136
193 150 136 136
194 150 136 136
195 150 149 149
196 150 149 149
197 150 136 136
198 150 136 136
199 150 136 136
200 150 136 136
201 150 136 136
202 150 136 136
203 150 136 136
204 150 136 136
205 150 136 136
206 150 136 136
207 150 136 136
208 150 136 136
209 150 136 136
210 150 136 136
211 150 136 136
212 150 127 127
213 150 127 127
214 150 127 127
215 150 127 127
216 150 127 127
217 150 127 127
218 150 127 127
219 150 127 127
220 150 127 127
221 150 127 127
222 150 127 127
223 150 136 136
224 150 136 136
225 150 127 127
226 150 127 127
227 150 127 127
228 150 127 127
229 150 127 127
230 150 127 127
231 150 127 127
240 150 127 127
241 150 127 127
242 150 127 127
243 150 127 127
244 150 127 127
245 150 127 127
246 150 127 127
247 150 127 127
248 150 127 127
249 150 127 127
250 150 127 127
252 150 127 127
254 150 127 127
255 150 127 127
256 150 127 127
257 150 127 127
258 150 127 127
259 150 127 127
260 150 127 127
261 150 127 127
262 150 127 127
263 150 127 127
264 150 124 124
265 150 124 124
266 150 124 124
267 150 124 124
268 150 124 124
269 150 124 124
270 150 124 124
271 150 124 124
272 150 124 124
273 150 124 124
274 150 124 124
276 150 124 124
277 150 124 124
278 150 124 124
279 150 124 124
280 150 124 124
281 150 126 126
282 150 126 126
283 150 124 124
284 150 124 124
285 150 126 126
287 150 126 126
289 150 126 126
290 150 126 126
291 150 126 126
294 150 126 126
295 150 126 126
296 150 98 98
297 150 98 98
298 150 98 98
299 150 98 98
300 150 98 98
302 150 98 98
303 150 98 98
304 150 98 98
305 150 98 98
306 150 98 98
307 150 98 98
308 150 98 98
151 151 80 80
152 151 80 80
157 151 80 80
163 151 149 149
164 151 149 149
165 151 149 149
166 151 149 149
167 151 149 149
169 151 149 149
170 151 149 149
173 151 149 149
174 151 149 149
176 151 149 149
177 151 149 149
178 151 149 149
179 151 149 149
182 151 149 149
183 151 149 149
184 151 149 149
185 151 149 149
186 151 149 149
187 151 149 149
188 151 149 149
189 151 149 149
190 151 136 136
191 151 136 136
192 151 136 136
193 151 136 136
194 151 136 136
195 151 149 149
196 151 149 149
197 151 149 149
198 151 136 136
199 151 136 136
200 151 136 136
201 151 136 136
202 151 136 136
203 151 136 136
208 151 136 136
209 151 136 136
210 151 136 136
211 151 136 136
212 151 127 127
213 151 127 127
214 151 127 127
215 151 127 127
216 151 127 127
217 151 127 127
218 151 127 127
219 151 127 127
220 151 127 127
221 151 127 127
222 151 127 127
223 151 127 127
224 151 127 127
225 151 127 127
226 151 127 127
227 151 127 127
228 151 127 127
229 151 127 127
230 151 127 127
231 151 127 127
236 151 127 127
237 151 127 127
238 151 127 127
239 151 127 127
240 151 127 127
241 151 127 127
242 151 127 127
243 151 127 127
244 151 127 127
245 151 127 127
246 151 127 127
247 151 127 127
248 151 127 127
249 151 127 127
250 151 127 127
251 151 127 127
252 151 127 127
253 151 127 127
254 151 124 124
255 151 124 124
256 151 127 127
259 151 127 127
260 151 127 127
261 151 127 127
262 151 127 127
263 151 127 127
264 151 124 124
265 151 124 124
266 151 124 124
267 151 124 124
268 151 124 124
269 151 124 124
270 151 124 124
271 151 124 124
272 151 124 124
278 151 124 124
279 151 124 124
280 151 124 124
281 151 126 126
282 151 126 126
283 151 124 124
284 151 124 124
285 151 126 126
287 151 126 126
290 151 126 126
291 151 126 126
294 151 126 126
295 151 126 126
296 151 98 98
297 151 98 98
298 151 98 98
299 151 98 98
302 151 98 98
303 151 98 98
304 151 98 98
305 151 98 98
306 151 98 98
307 151 98 98
308 151 98 98
150 152 80 80
151 152 80 80
153 152 80 80
154 152 80 80
155 152 80 80
156 152 80 80
157 152 80 80
158 152 80 80
161 152 80 80
162 152 149 149
163 152 149 149
164 152 149 149
165 152 149 149
166 152 149 149
167 152 149 149
168 152 149 149
169 152 149 149
170 152 149 149
171 152 149 149
172 152 149 149
173 152 149 149
174 152 149 149
175 152 149 149
176 152 149 149
177 152 149 149
178 152 149 149
179 152 149 149
180 152 149 149
181 152 149 149
182 152 149 149
183 152 149 149
184 152 149 149
185 152 149 149
186 152 136 136
187 152 136 136
188 152 136 136
189 152 136 136
190 152 136 136
191 152 136 136
192 152 136 136
193 152 136 136
195 152 136 136
196 152 136 136
197 152 136 136
198 152 136 136
199 152 136 136
203 152 136 136
204 152 136 136
205 152 136 136
208 152 136 136
209 152 136 136
210 152 136 136
211 152 136 136
212 152 136 136
213 152 127 127
214 152 127 127
215 152 127 127
216 152 127 127
217 152 127 127
218 152 127 127
222 152 127 127
223 152 127 127
224 152 127 127
225 152 127 127
228 152 127 127
237 152 127 127
239 152 127 127
240 152 127 127
242 152 127 127
244 152 127 127
246 152 127 127
248 152 127 127
249 152 127 127
250 152 124 124
251 152 124 124
252 152 124 124
253 152 124 124
254 152 124 124
255 152 127 127
256 152 127 127
258 152 127 127
259 152 127 127
260 152 127 127
261 152 127 127
262 152 127 127
263 152 127 127
264 152 124 124
265 152 124 124
266 152 124 124
267 152 124 124
268 152 124 124
269 152 124 124
270 152 124 124
271 152 124 124
272 152 124 124
273 152 124 124
280 152 124 124
281 152 124 124
282 152 124 124
283 152 124 124
284 152 124 124
285 152 124 124
286 152 126 126
287 152 126 126
288 152 126 126
289 152 126 126
290 152 126 126
294 152 126 126
295 152 126 126
296 152 98 98
297 152 98 98
298 152 98 98
299 152 98 98
300 152 98 98
301 152 98 98
302 152 98 98
303 152 98 98
304 152 98 98
305 152 98 98
308 152 98 98
309 152 98 98
151 153 80 80
152 153 80 80
153 153 80 80
154 153 80 80
155 153 80 80
156 153 80 80
157 153 80 80
158 153 80 80
160 153 80 80
161 153 80 80
162 153 80 80
163 153 149 149
164 153 149 149
165 153 80 80
166 153 80 80
167 153 149 149
168 153 149 149
169 153 149 149
170 153 149 149
171 153 149 149
172 153 149 149
173 153 149 149
174 153 149 149
175 153 149 149
176 153 149 149
177 153 149 149
178 153 149 149
179 153 149 149
180 153 149 149
181 153 149 149
182 153 149 149
183 153 149 149
184 153 149 149
185 153 149 149
186 153 149 149
187 153 136 136
188 153 136 136
189 153 136 136
190 153 136 136
191 153 136 136
192 153 136 136
193 153 136 136
194 153 136 136
195 153 136 136
196 153 136 136
197 153 136 136
198 153 136 136
199 153 136 136
200 153 136 136
201 153 136 136
202 153 136 136
203 153 136 136
204 153 136 136
205 153 136 136
206 153 136 136
207 153 136 136
208 153 136 136
209 153 136 136
210 153 136 136
211 153 136 136
212 153 136 136
213 153 127 127
214 153 127 127
215 153 127 127
216 153 136 136
217 153 127 127
218 153 127 127
221 153 127 127
222 153 127 127
223 153 127 127
224 153 127 127
225 153 127 127
236 153 127 127
237 153 127 127
238 153 127 127
240 153 127 127
241 153 127 127
243 153 127 127
244 153 127 127
246 153 127 127
251 153 124 124
253 153 124 124
254 153 124 124
256 153 127 127
257 153 127 127
258 153 127 127
259 153 127 127
260 153 127 127
261 153 124 124
262 153 124 124
263 153 127 127
264 153 124 124
265 153 124 124
266 153 124 124
267 153 124 124
268 153 124 124
269 153 124 124
270 153 124 124
271 153 124 124
272 153 124 124
273 153 124 124
274 153 124 124
275 153 124 124
276 153 124 124
277 153 124 124
278 153 124 124
279 153 124 124
280 153 126 126
281 153 126 126
282 153 126 126
283 153 126 126
284 153 126 126
285 153 126 126
286 153 126 126
287 153 126 126
288 153 126 126
289 153 126 126
290 153 126 126
291 153 126 126
292 153 126 126
293 153 126 126
294 153 126 126
295 153 126 126
296 153 126 126
297 153 126 126
298 153 98 98
299 153 98 98
300 153 98 98
303 153 98 98
307 153 98 98
308 153 98 98
309 153 98 98
152 154 80 80
153 154 80 80
155 154 80 80
156 154 80 80
158 154 80 80
160 154 80 80
161 154 80 80
162 154 80 80
163 154 80 80
164 154 80 80
165 154 80 80
167 154 80 80
168 154 80 80
169 154 149 149
170 154 149 149
172 154 149 149
173 154 149 149
174 154 149 149
175 154 149 149
177 154 149 149
178 154 149 149
179 154 149 149
180 154 149 149
181 154 149 149
182 154 149 149
183 154 149 149
184 154 149 149
185 154 149 149
186 154 149 149
187 154 149 149
188 154 136 136
189 154 136 136
190 154 136 136
191 154 136 136
193 154 136 136
194 154 136 136
195 154 136 136
196 154 136 136
197 154 136 136
198 154 136 136
199 154 136 136
200 154 136 136
201 154 136 136
204 154 136 136
205 154 136 136
206 154 136 136
207 154 136 136
208 154 136 136
209 154 136 136
210 154 136 136
211 154 136 136
212 154 136 136
213 154 127 127
214 154 127 127
215 154 136 136
216 154 136 136
217 154 136 136
218 154 127 127
220 154 127 127
221 154 127 127
222 154 127 127
223 154 127 127
237 154 127 127
239 154 127 127
241 154 127 127
251 154 124 124
252 154 124 124
256 154 124 124
257 154 127 127
258 154 127 127
259 154 127 127
260 154 124 124
261 154 124 124
262 154 124 124
263 154 124 124
264 154 124 124
265 154 124 124
266 154 124 124
267 154 124 124
268 154 124 124
269 154 124 124
270 154 124 124
271 154 124 124
272 154 124 124
273 154 124 124
274 154 124 124
275 154 124 124
276 154 124 124
277 154 124 124
278 154 124 124
279 154 124 124
280 154 126 126
281 154 126 126
284 154 126 126
285 154 126 126
286 154 126 126
287 154 126 126
288 154 126 126
289 154 126 126
290 154 126 126
291 154 126 126
292 154 126 126
293 154 126 126
294 154 46 46
295 154 46 46
296 154 126 126
297 154 126 126
298 154 98 98
299 154 98 98
300 154 98 98
301 154 98 98
302 154 98 98
303 154 98 98
304 154 98 98
305 154 98 98
307 154 98 98
156 155 80 80
157 155 80 80
158 155 80 80
159 155 80 80
160 155 80 80
161 155 80 80
163 155 80 80
164 155 80 80
165 155 80 80
166 155 80 80
167 155 80 80
168 155 80 80
169 155 149 149
170 155 149 149
173 155 149 149
174 155 149 149
175 155 149 149
177 155 149 149
178 155 149 149
179 155 149 149
180 155 149 149
181 155 149 149
182 155 149 149
183 155 149 149
184 155 149 149
185 155 149 149
186 155 149 149
187 155 149 149
188 155 149 149
189 155 149 149
190 155 136 136
191 155 136 136
193 155 136 136
194 155 136 136
195 155 136 136
196 155 136 136
197 155 136 136
198 155 136 136
199 155 136 136
200 155 136 136
201 155 136 136
204 155 136 136
205 155 136 136
206 155 136 136
207 155 136 136
208 155 136 136
209 155 136 136
210 155 136 136
211 155 136 136
212 155 127 127
213 155 127 127
214 155 127 127
215 155 127 127
216 155 136 136
217 155 127 127
218 155 127 127
219 155 127 127
220 155 127 127
221 155 127 127
222 155 127 127
223 155 127 127
239 155 127 127
240 155 127 127
241 155 127 127
242 155 127 127
243 155 127 127
251 155 124 124
252 155 124 124
253 155 124 124
254 155 124 124
255 155 124 124
256 155 124 124
257 155 124 124
258 155 124 124
259 155 124 124
260 155 124 124
262 155 124 124
263 155 124 124
264 155 124 124
265 155 124 124
266 155 124 124
267 155 124 124
268 155 124 124
269 155 124 124
270 155 124 124
271 155 124 124
272 155 124 124
273 155 124 124
274 155 124 124
275 155 124 124
276 155 126 126
277 155 126 126
278 155 126 126
279 155 126 126
284 155 126 126
285 155 126 126
286 155 126 126
287 155 126 126
288 155 126 126
289 155 126 126
290 155 126 126
291 155 126 126
292 155 126 126
293 155 126 126
294 155 46 46
295 155 46 46
296 155 126 126
297 155 46 46
300 155 98 98
301 155 98 98
302 155 98 98
303 155 98 98
158 156 80 80
159 156 80 80
160 156 80 80
161 156 80 80
163 156 80 80
164 156 80 80
165 156 80 80
166 156 80 80
168 156 80 80
169 156 149 149
170 156 149 149
173 156 149 149
174 156 149 149
176 156 149 149
177 156 149 149
178 156 149 149
179 156 149 149
180 156 149 149
181 156 149 149
182 156 149 149
183 156 149 149
184 156 149 149
185 156 149 149
186 156 149 149
187 156 149 149
188 156 149 149
189 156 149 149
190 156 136 136
191 156 136 136
193 156 136 136
194 156 136 136
195 156 136 136
196 156 136 136
197 156 136 136
198 156 136 136
199 156 136 136
200 156 136 136
201 156 136 136
202 156 136 136
203 156 136 136
204 156 136 136
205 156 136 136
206 156 136 136
207 156 136 136
208 156 136 136
209 156 136 136
210 156 136 136
211 156 136 136
212 156 127 127
213 156 127 127
214 156 127 127
215 156 127 127
216 156 136 136
217 156 127 127
218 156 127 127
219 156 127 127
220 156 127 127
221 156 127 127
222 156 127 127
223 156 127 127
224 156 127 127
241 156 127 127
253 156 124 124
254 156 124 124
255 156 124 124
256 156 124 124
257 156 124 124
258 156 124 124
259 156 124 124
260 156 124 124
262 156 124 124
263 156 124 124
264 156 124 124
265 156 124 124
266 156 124 124
267 156 124 124
268 156 124 124
269 156 124 124
270 156 124 124
271 156 124 124
272 156 124 124
273 156 124 124
274 156 124 124
275 156 124 124
276 156 126 126
277 156 126 126
278 156 126 126
279 156 126 126
280 156 126 126
281 156 126 126
282 156 126 126
283 156 126 126
284 156 126 126
285 156 126 126
286 156 126 126
287 156 126 126
288 156 126 126
289 156 126 126
290 156 126 126
291 156 126 126
292 156 126 126
293 156 126 126
294 156 46 46
295 156 46 46
296 156 126 126
297 156 46 46
300 156 98 98
301 156 98 98
302 156 98 98
303 156 98 98
304 156 98 98
305 156 98 98
159 157 80 80
160 157 80 80
161 157 80 80
163 157 80 80
164 157 80 80
165 157 80 80
168 157 80 80
169 157 149 149
170 157 149 149
173 157 149 149
174 157 149 149
175 157 149 149
176 157 149 149
177 157 149 149
178 157 149 149
179 157 149 149
180 157 149 149
181 157 149 149
182 157 149 149
183 157 149 149
184 157 149 149
185 157 149 149
186 157 149 149
187 157 149 149
188 157 149 149
189 157 149 149
190 157 136 136
191 157 136 136
192 157 136 136
193 157 136 136
194 157 136 136
195 157 136 136
196 157 136 136
197 157 136 136
198 157 136 136
199 157 136 136
200 157 136 136
201 157 136 136
202 157 136 136
203 157 136 136
204 157 136 136
205 157 136 136
206 157 136 136
207 157 136 136
208 157 136 136
209 157 136 136
210 157 136 136
211 157 136 136
212 157 127 127
213 157 127 127
214 157 127 127
215 157 136 136
216 157 136 136
217 157 127 127
218 157 127 127
219 157 127 127
220 157 127 127
221 157 127 127
222 157 127 127
248 157 124 124
249 157 124 124
250 157 124 124
251 157 124 124
252 157 124 124
253 157 124 124
254 157 124 124
256 157 124 124
257 157 124 124
258 157 124 124
259 157 124 124
260 157 124 124
262 157 124 124
263 157 124 124
264 157 124 124
265 157 124 124
266 157 124 124
267 157 124 124
268 157 124 124
269 157 124 124
270 157 124 124
271 157 124 124
272 157 124 124
273 157 124 124
274 157 124 124
275 157 124 124
276 157 124 124
277 157 124 124
278 157 124 124
279 157 124 124
280 157 126 126
281 157 126 126
282 157 126 126
283 157 126 126
284 157 126 126
285 157 126 126
286 157 126 126
287 157 126 126
288 157 126 126
289 157 126 126
290 157 126 126
291 157 126 126
292 157 126 126
293 157 126 126
294 157 46 46
295 157 46 46
296 157 126 126
297 157 46 46
298 157 46 46
160 158 80 80
162 158 80 80
163 158 80 80
164 158 80 80
166 158 80 80
167 158 80 80
168 158 80 80
169 158 149 149
170 158 149 149
173 158 149 149
174 158 149 149
175 158 149 149
176 158 149 149
177 158 149 149
178 158 149 149
179 158 149 149
180 158 149 149
181 158 149 149
182 158 149 149
183 158 149 149
184 158 149 149
185 158 149 149
186 158 149 149
187 158 149 149
188 158 149 149
189 158 149 149
190 158 136 136
191 158 136 136
192 158 136 136
193 158 136 136
194 158 136 136
195 158 136 136
196 158 136 136
197 158 136 136
198 158 136 136
199 158 136 136
200 158 136 136
201 158 136 136
202 158 136 136
203 158 136 136
204 158 136 136
205 158 136 136
206 158 136 136
207 158 136 136
208 158 136 136
210 158 136 136
211 158 136 136
212 158 136 136
213 158 136 136
214 158 127 127
215 158 136 136
216 158 136 136
217 158 127 127
218 158 127 127
222 158 127 127
251 158 124 124
256 158 124 124
257 158 124 124
258 158 124 124
259 158 124 124
260 158 124 124
262 158 124 124
263 158 124 124
264 158 124 124
265 158 124 124
266 158 124 124
267 158 124 124
268 158 124 124
273 158 124 124
274 158 124 124
275 158 124 124
276 158 124 124
277 158 124 124
278 158 126 126
279 158 126 126
280 158 126 126
281 158 126 126
282 158 126 126
283 158 126 126
284 158 126 126
285 158 126 126
286 158 126 126
287 158 126 126
288 158 126 126
289 158 126 126
290 158 126 126
291 158 126 126
292 158 126 126
293 158 46 46
294 158 46 46
295 158 46 46
296 158 46 46
297 158 46 46
298 158 46 46
299 158 46 46
162 159 80 80
163 159 80 80
168 159 80 80
169 159 149 149
170 159 149 149
172 159 149 149
173 159 149 149
174 159 149 149
175 159 149 149
177 159 149 149
178 159 149 149
179 159 149 149
180 159 149 149
181 159 149 149
182 159 149 149
183 159 149 149
184 159 149 149
185 159 149 149
186 159 149 149
187 159 149 149
188 159 149 149
189 159 136 136
190 159 136 136
191 159 136 136
192 159 136 136
195 159 136 136
196 159 136 136
197 159 136 136
198 159 136 136
199 159 136 136
200 159 136 136
201 159 136 136
202 159 136 136
203 159 136 136
204 159 136 136
205 159 136 136
206 159 136 136
207 159 136 136
208 159 136 136
209 159 136 136
210 159 136 136
211 159 136 136
212 159 136 136
213 159 136 136
214 159 136 136
215 159 136 136
216 159 136 136
217 159 127 127
218 159 127 127
257 159 124 124
258 159 124 124
264 159 124 124
265 159 124 124
266 159 124 124
267 159 124 124
275 159 124 124
276 159 124 124
277 159 124 124
278 159 126 126
279 159 126 126
280 159 126 126
281 159 126 126
282 159 126 126
283 159 126 126
284 159 126 126
285 159 126 126
286 159 126 126
287 159 126 126
288 159 126 126
289 159 126 126
290 159 126 126
291 159 46 46
292 159 46 46
293 159 46 46
294 159 46 46
295 159 46 46
298 159 46 46
299 159 46 46
160 160 80 80
161 160 80 80
163 160 80 80
168 160 149 149
169 160 149 149
172 160 149 149
173 160 149 149
176 160 149 149
177 160 149 149
178 160 149 149
179 160 149 149
180 160 149 149
181 160 149 149
182 160 149 149
183 160 149 149
184 160 149 149
185 160 149 149
186 160 149 149
189 160 149 149
190 160 149 149
191 160 136 136
193 160 136 136
194 160 136 136
195 160 149 149
196 160 149 149
197 160 149 149
198 160 136 136
199 160 136 136
200 160 136 136
201 160 136 136
202 160 136 136
203 160 136 136
204 160 136 136
205 160 136 136
206 160 136 136
207 160 136 136
210 160 136 136
211 160 136 136
212 160 136 136
215 160 136 136
216 160 136 136
267 160 124 124
277 160 124 124
279 160 126 126
280 160 126 126
281 160 126 126
283 160 126 126
285 160 126 126
288 160 126 126
289 160 126 126
290 160 46 46
291 160 46 46
292 160 46 46
294 160 46 46
298 160 46 46
299 160 46 46
300 160 46 46
301 160 46 46
302 160 46 46
303 160 46 46
160 161 80 80
161 161 80 80
162 161 80 80
163 161 80 80
164 161 80 80
165 161 80 80
172 161 149 149
173 161 149 149
174 161 149 149
175 161 149 149
176 161 149 149
177 161 149 149
178 161 149 149
179 161 149 149
180 161 149 149
181 161 149 149
182 161 149 149
183 161 149 149
184 161 149 149
185 161 149 149
186 161 149 149
189 161 149 149
190 161 149 149
191 161 136 136
192 161 136 136
193 161 136 136
194 161 136 136
195 161 136 136
196 161 149 149
197 161 136 136
198 161 136 136
199 161 136 136
200 161 136 136
201 161 136 136
202 161 136 136
203 161 136 136
204 161 136 136
205 161 136 136
206 161 136 136
207 161 136 136
208 161 136 136
215 161 136 136
275 161 124 124
276 161 124 124
277 161 124 124
278 161 126 126
279 161 126 126
281 161 126 126
282 161 126 126
283 161 126 126
285 161 126 126
288 161 126 126
289 161 46 46
291 161 46 46
292 161 46 46
295 161 46 46
296 161 46 46
297 161 46 46
298 161 46 46
299 161 46 46
300 161 4 4
301 161 4 4
302 161 4 4
303 161 4 4
164 162 80 80
165 162 80 80
166 162 80 80
167 162 80 80
168 162 80 80
169 162 80 80
170 162 80 80
171 162 149 149
172 162 149 149
173 162 149 149
174 162 149 149
175 162 149 149
176 162 149 149
177 162 149 149
178 162 149 149
179 162 149 149
180 162 149 149
181 162 149 149
182 162 149 149
183 162 149 149
184 162 149 149
185 162 149 149
186 162 149 149
187 162 149 149
189 162 149 149
190 162 149 149
191 162 136 136
192 162 149 149
193 162 149 149
194 162 149 149
195 162 149 149
196 162 149 149
197 162 149 149
198 162 136 136
199 162 136 136
200 162 136 136
201 162 136 136
202 162 136 136
203 162 136 136
204 162 136 136
205 162 136 136
206 162 136 136
207 162 136 136
208 162 136 136
209 162 136 136
278 162 126 126
280 162 126 126
281 162 126 126
282 162 126 126
283 162 126 126
284 162 126 126
287 162 126 126
288 162 46 46
289 162 46 46
290 162 46 46
291 162 46 46
292 162 46 46
293 162 46 46
294 162 46 46
295 162 46 46
296 162 46 46
297 162 46 46
298 162 46 46
299 162 4 4
300 162 4 4
301 162 4 4
302 162 4 4
303 162 4 4
163 163 80 80
164 163 80 80
165 163 80 80
166 163 80 80
167 163 80 80
168 163 149 149
169 163 149 149
170 163 149 149
171 163 149 149
172 163 149 149
176 163 149 149
177 163 149 149
178 163 149 149
179 163 149 149
180 163 149 149
181 163 149 149
182 163 149 149
183 163 149 149
184 163 149 149
185 163 149 149
186 163 149 149
187 163 149 149
189 163 149 149
190 163 149 149
191 163 149 149
192 163 149 149
193 163 149 149
194 163 149 149
195 163 149 149
196 163 149 149
197 163 149 149
198 163 136 136
199 163 136 136
200 163 136 136
201 163 136 136
202 163 136 136
203 163 136 136
204 163 136 136
205 163 136 136
206 163 136 136
207 163 136 136
209 163 136 136
210 163 136 136
212 163 136 136
213 163 136 136
279 163 126 126
280 163 126 126
281 163 126 126
282 163 126 126
284 163 126 126
286 163 126 126
287 163 126 126
288 163 46 46
291 163 46 46
292 163 46 46
293 163 46 46
294 163 46 46
295 163 46 46
296 163 46 46
297 163 4 4
298 163 4 4
299 163 4 4
300 163 4 4
301 163 4 4
161 164 80 80
162 164 80 80
163 164 80 80
164 164 80 80
171 164 149 149
172 164 149 149
173 164 149 149
174 164 149 149
175 164 149 149
176 164 149 149
177 164 149 149
178 164 149 149
179 164 149 149
180 164 149 149
181 164 149 149
182 164 149 149
183 164 149 149
184 164 149 149
185 164 149 149
186 164 149 149
187 164 149 149
188 164 149 149
189 164 149 149
190 164 149 149
191 164 149 149
192 164 149 149
193 164 149 149
194 164 136 136
195 164 136 136
196 164 136 136
197 164 136 136
198 164 136 136
199 164 136 136
200 164 136 136
201 164 136 136
202 164 136 136
203 164 136 136
204 164 136 136
205 164 136 136
206 164 136 136
207 164 136 136
210 164 136 136
212 164 136 136
213 164 136 136
280 164 126 126
282 164 126 126
284 164 126 126
286 164 126 126
287 164 126 126
288 164 46 46
289 164 46 46
290 164 46 46
291 164 46 46
292 164 46 46
293 164 4 4
294 164 4 4
295 164 4 4
296 164 4 4
297 164 4 4
298 164 4 4
299 164 4 4
300 164 4 4
301 164 4 4
302 164 4 4
303 164 4 4
163 165 80 80
174 165 149 149
175 165 149 149
176 165 149 149
177 165 149 149
178 165 149 149
179 165 149 149
180 165 149 149
181 165 149 149
182 165 149 149
183 165 149 149
184 165 149 149
185 165 149 149
186 165 149 149
187 165 149 149
188 165 149 149
189 165 149 149
190 165 149 149
191 165 149 149
192 165 149 149
193 165 149 149
194 165 136 136
195 165 136 136
196 165 136 136
197 165 136 136
198 165 136 136
199 165 136 136
200 165 136 136
201 165 136 136
202 165 136 136
203 165 136 136
204 165 136 136
205 165 136 136
206 165 136 136
207 165 149 149
210 165 136 136
211 165 136 136
212 165 136 136
284 165 126 126
285 165 126 126
286 165 126 126
287 165 46 46
289 165 46 46
290 165 46 46
291 165 46 46
292 165 4 4
293 165 4 4
294 165 4 4
295 165 4 4
296 165 4 4
297 165 4 4
298 165 4 4
299 165 4 4
300 165 4 4
301 165 4 4
302 165 4 4
303 165 4 4
174 166 58 58
175 166 58 58
176 166 58 58
177 166 58 58
178 166 58 58
179 166 58 58
180 166 58 58
181 166 58 58
182 166 58 58
183 166 58 58
184 166 149 149
187 166 149 149
188 166 149 149
189 166 149 149
190 166 149 149
191 166 149 149
193 166 149 149
194 166 149 149
195 166 149 149
196 166 149 149
197 166 149 149
198 166 149 149
199 166 149 149
200 166 149 149
201 166 136 136
202 166 136 136
203 166 136 136
204 166 136 136
205 166 136 136
206 166 136 136
207 166 149 149
211 166 136 136
212 166 136 136
285 166 46 46
286 166 46 46
287 166 46 46
288 166 46 46
289 166 46 46
290 166 4 4
291 166 4 4
292 166 4 4
293 166 4 4
294 166 4 4
295 166 4 4
296 166 4 4
297 166 4 4
298 166 4 4
299 166 4 4
300 166 4 4
174 167 58 58
176 167 58 58
177 167 58 58
178 167 58 58
179 167 58 58
180 167 58 58
181 167 58 58
182 167 58 58
183 167 58 58
184 167 149 149
187 167 149 149
188 167 149 149
189 167 149 149
190 167 149 149
191 167 149 149
192 167 149 149
193 167 149 149
194 167 149 149
195 167 149 149
196 167 149 149
197 167 149 149
198 167 149 149
200 167 149 149
201 167 136 136
202 167 136 136
203 167 149 149
204 167 149 149
205 167 136 136
206 167 149 149
207 167 149 149
209 167 136 136
210 167 136 136
211 167 136 136
287 167 46 46
288 167 46 46
289 167 46 46
290 167 46 46
291 167 4 4
292 167 4 4
293 167 4 4
296 167 4 4
297 167 4 4
298 167 4 4
299 167 4 4
171 168 58 58
174 168 58 58
175 168 58 58
176 168 58 58
177 168 58 58
178 168 58 58
179 168 58 58
180 168 58 58
181 168 58 58
182 168 58 58
183 168 58 58
184 168 149 149
185 168 149 149
186 168 149 149
189 168 149 149
190 168 149 149
191 168 149 149
192 168 149 149
193 168 149 149
194 168 149 149
195 168 149 149
196 168 149 149
197 168 149 149
198 168 149 149
200 168 136 136
201 168 136 136
202 168 136 136
203 168 136 136
204 168 149 149
205 168 149 149
206 168 149 149
207 168 149 149
211 168 136 136
236 168 17 17
237 168 17 17
298 168 4 4
171 169 58 58
173 169 58 58
174 169 58 58
178 169 58 58
179 169 58 58
180 169 58 58
181 169 58 58
183 169 58 58
184 169 149 149
185 169 149 149
186 169 149 149
187 169 149 149
188 169 149 149
189 169 149 149
190 169 149 149
191 169 149 149
192 169 149 149
193 169 149 149
194 169 149 149
195 169 149 149
196 169 149 149
197 169 149 149
198 169 149 149
199 169 149 149
200 169 149 149
201 169 149 149
202 169 149 149
203 169 136 136
204 169 136 136
205 169 136 136
206 169 149 149
207 169 149 149
236 169 17 17
237 169 17 17
171 170 58 58
172 170 58 58
173 170 58 58
174 170 58 58
176 170 58 58
177 170 58 58
178 170 58 58
179 170 58 58
180 170 58 58
181 170 58 58
183 170 58 58
184 170 149 149
185 170 149 149
186 170 149 149
187 170 149 149
188 170 149 149
189 170 149 149
190 170 149 149
191 170 149 149
192 170 149 149
193 170 149 149
194 170 149 149
195 170 149 149
196 170 149 149
197 170 149 149
198 170 149 149
199 170 149 149
203 170 149 149
204 170 136 136
205 170 149 149
206 170 149 149
207 170 149 149
235 170 17 17
236 170 17 17
237 170 17 17
238 170 17 17
239 170 17 17
171 171 58 58
175 171 58 58
176 171 58 58
177 171 58 58
178 171 58 58
179 171 58 58
180 171 58 58
181 171 58 58
182 171 58 58
183 171 58 58
184 171 58 58
185 171 58 58
186 171 58 58
187 171 58 58
188 171 149 149
192 171 149 149
193 171 149 149
194 171 149 149
195 171 149 149
196 171 149 149
197 171 149 149
198 171 149 149
199 171 149 149
201 171 149 149
203 171 149 149
204 171 136 136
205 171 149 149
206 171 149 149
207 171 149 149
236 171 17 17
171 172 58 58
175 172 58 58
176 172 58 58
179 172 58 58
180 172 58 58
183 172 58 58
184 172 58 58
185 172 58 58
186 172 58 58
187 172 58 58
188 172 149 149
192 172 149 149
193 172 149 149
194 172 149 149
195 172 149 149
196 172 149 149
197 172 149 149
198 172 149 149
199 172 149 149
200 172 149 149
201 172 149 149
202 172 149 149
203 172 149 149
204 172 149 149
206 172 149 149
207 172 149 149
221 172 53 53
222 172 53 53
170 173 58 58
171 173 58 58
172 173 58 58
175 173 58 58
176 173 58 58
179 173 58 58
180 173 58 58
181 173 58 58
182 173 58 58
183 173 58 58
184 173 149 149
185 173 149 149
186 173 149 149
187 173 149 149
188 173 149 149
189 173 149 149
190 173 149 149
191 173 149 149
192 173 149 149
193 173 149 149
194 173 31 31
195 173 149 149
196 173 149 149
197 173 149 149
198 173 149 149
199 173 149 149
201 173 149 149
202 173 149 149
203 173 149 149
204 173 149 149
205 173 149 149
206 173 149 149
207 173 149 149
172 174 58 58
176 174 58 58
179 174 58 58
180 174 58 58
181 174 58 58
182 174 58 58
183 174 149 149
184 174 149 149
185 174 149 149
186 174 31 31
187 174 31 31
188 174 31 31
189 174 31 31
190 174 31 31
191 174 149 149
192 174 31 31
193 174 31 31
194 174 31 31
195 174 31 31
196 174 31 31
197 174 149 149
198 174 149 149
199 174 149 149
201 174 149 149
202 174 149 149
203 174 149 149
204 174 149 149
205 174 149 149
190 175 31 31
191 175 31 31
192 175 31 31
193 175 31 31
194 175 31 31
195 175 31 31
196 175 31 31
197 175 149 149
198 175 149 149
199 175 149 149
200 175 149 149
201 175 149 149
202 175 149 149
204 175 149 149
205 175 149 149
188 176 31 31
189 176 31 31
190 176 31 31
192 176 31 31
193 176 31 31
194 176 31 31
195 176 31 31
196 176 149 149
197 176 149 149
198 176 149 149
199 176 149 149
200 176 149 149
202 176 149 149
205 176 149 149
206 176 149 149
279 176 145 145
280 176 145 145
188 177 31 31
189 177 31 31
190 177 31 31
191 177 31 31
193 177 31 31
194 177 31 31
195 177 31 31
196 177 31 31
197 177 31 31
198 177 31 31
199 177 31 31
200 177 149 149
203 177 149 149
206 177 149 149
277 177 145 145
278 177 145 145
279 177 145 145
189 178 31 31
190 178 31 31
191 178 31 31
192 178 31 31
193 178 31 31
194 178 31 31
195 178 31 31
196 178 31 31
198 178 31 31
199 178 31 31
200 178 149 149
201 178 149 149
202 178 149 149
203 178 149 149
204 178 149 149
205 178 149 149
189 179 31 31
190 179 31 31
192 179 31 31
193 179 31 31
194 179 31 31
195 179 31 31
196 179 31 31
198 179 31 31
199 179 31 31
190 180 31 31
194 180 31 31
195 180 31 31
196 180 31 31
197 180 31 31
198 180 31 31
199 180 31 31
200 180 31 31
201 180 31 31
202 180 31 31
203 180 31 31
195 181 31 31
196 181 31 31
197 181 31 31
198 181 31 31
199 181 31 31
201 181 31 31
252 184 35 35
253 184 35 35
254 184 35 35
255 184 35 35
256 184 35 35
252 185 35 35
259 200 26 26
259 201 26 26
259 202 26 26
259 203 26 26
228 204 29 29
258 204 26 26
259 204 26 26
227 205 29 29
228 205 29 29
227 206 29 29
154 210 147 147
155 210 147 147
154 211 147 147
155 211 147 147
156 211 147 147
157 211 147 147
169 211 49 49
112 212 20 20
155 212 147 147
156 212 147 147
157 212 147 147
158 212 147 147
169 212 49 49
170 212 49 49
171 212 49 49
172 212 49 49
112 213 20 20
153 213 147 147
154 213 147 147
155 213 147 147
156 213 147 147
157 213 147 147
158 213 147 147
110 214 20 20
111 214 20 20
112 214 20 20
404 214 16 16
405 214 16 16
406 214 16 16
407 214 16 16
408 214 16 16
112 215 20 20
406 215 16 16
406 216 16 16
407 216 16 16
23 218 144 144
24 218 144 144
28 218 144 144
24 219 144 144
28 219 144 144
29 219 144 144
30 219 144 144
262 219 133 133
24 220 144 144
25 220 144 144
26 220 144 144
27 220 144 144
28 220 144 144
262 220 133 133
26 221 144 144
27 221 144 144
28 221 144 144
260 221 133 133
261 221 133 133
262 221 133 133
263 221 133 133
264 221 133 133
27 222 144 144
261 222 133 133
262 222 133 133
261 223 133 133
262 223 133 133
279 224 141 141
280 224 141 141
366 224 125 125
367 224 125 125
368 224 125 125
369 224 125 125
370 224 125 125
371 224 125 125
280 225 141 141
281 225 141 141
282 225 141 141
283 225 141 141
284 225 141 141
285 225 141 141
147 226 99 99
148 226 99 99
149 226 99 99
150 226 99 99
151 226 99 99
280 226 141 141
281 226 141 141
282 226 141 141
94 227 140 140
145 227 99 99
146 227 99 99
147 227 99 99
149 227 99 99
150 227 99 99
151 227 99 99
279 227 141 141
280 227 141 141
281 227 141 141
282 227 141 141
82 228 96 96
83 228 96 96
84 228 96 96
93 228 140 140
94 228 140 140
95 228 140 140
151 228 99 99
168 228 134 134
169 228 134 134
279 228 141 141
282 228 141 141
80 229 96 96
81 229 96 96
82 229 96 96
83 229 96 96
169 229 134 134
170 229 134 134
412 229 142 142
169 230 134 134
170 230 134 134
405 230 142 142
406 230 142 142
407 230 142 142
409 230 142 142
410 230 142 142
411 230 142 142
412 230 142 142
413 230 142 142
416 230 142 142
417 230 142 142
169 231 134 134
170 231 134 134
404 231 142 142
405 231 142 142
406 231 142 142
407 231 142 142
408 231 142 142
409 231 142 142
411 231 142 142
412 231 142 142
413 231 142 142
414 231 142 142
416 231 142 142
417 231 142 142
53 232 33 33
54 232 33 33
170 232 134 134
236 232 109 109
411 232 142 142
413 232 142 142
414 232 142 142
416 232 142 142
19 233 11 11
54 233 33 33
125 233 117 117
126 233 117 117
169 233 134 134
170 233 134 134
236 233 109 109
410 233 142 142
411 233 142 142
414 233 142 142
415 233 142 142
416 233 142 142
19 234 11 11
125 234 117 117
126 234 117 117
325 234 38 38
416 234 142 142
18 235 11 11
19 235 11 11
325 235 38 38
341 235 132 132
342 235 132 132
416 235 142 142
323 236 38 38
324 236 38 38
325 236 38 38
339 236 132 132
340 236 132 132
341 236 132 132
416 236 142 142
323 237 38 38
325 237 38 38
340 237 132 132
341 237 132 132
342 237 132 132
416 237 142 142
341 238 132 132
415 238 142 142
416 238 142 142
467 238 52 52
416 239 142 142
467 239 52 52
388 240 14 14
466 240 52 52
467 240 52 52
388 241 14 14
389 241 14 14
264 243 1 1
265 243 1 1
70 244 68 68
242 244 8 8
70 245 68 68
242 245 8 8
218 246 92 92
217 247 92 92
218 247 92 92
219 247 92 92
390 247 36 36
391 247 36 36
392 247 36 36
219 248 92 92
390 248 36 36
392 248 36 36
472 248 47 47
84 249 131 131
257 249 119 119
258 249 119 119
259 249 119 119
390 249 36 36
472 249 47 47
473 249 47 47
474 249 47 47
84 250 131 131
197 250 97 97
198 250 97 97
390 250 36 36
83 251 131 131
84 251 131 131
116 251 135 135
117 251 135 135
198 251 97 97
327 251 57 57
84 252 131 131
116 252 135 135
319 252 67 67
320 252 67 67
327 252 57 57
0 253 90 90
83 253 131 131
84 253 131 131
116 253 135 135
319 253 67 67
327 253 57 57
0 254 90 90
83 254 131 131
334 254 82 82
335 254 82 82
0 255 90 90
83 255 131 131
353 255 28 28
354 255 28 28
283 256 41 41
284 256 41 41
354 256 28 28
282 257 41 41
283 257 41 41
293 257 114 114
291 258 114 114
292 258 114 114
293 258 114 114
146 259 108 108
147 259 108 108
148 259 108 108
293 259 114 114
294 259 114 114
148 260 108 108
475 260 91 91
476 260 91 91
475 261 91 91
92 262 106 106
93 262 106 106
94 262 106 106
162 262 85 85
205 262 32 32
475 262 91 91
162 263 85 85
204 263 32 32
205 263 32 32
475 263 91 91
476 263 91 91
477 263 91 91
41 264 15 15
69 264 7 7
70 264 7 7
161 264 85 85
162 264 85 85
163 264 85 85
205 264 32 32
324 264 137 137
41 265 15 15
42 265 15 15
60 265 120 120
154 265 61 61
161 265 85 85
324 265 137 137
60 266 120 120
61 266 120 120
154 266 61 61
252 266 54 54
154 267 61 61
155 267 61 61
156 267 61 61
173 267 93 93
252 267 54 54
154 268 61 61
173 268 93 93
154 269 61 61
173 269 93 93
216 269 146 146
216 270 146 146
217 270 146 146
265 270 30 30
266 270 30 30
289 270 42 42
290 270 42 42
28 271 138 138
29 271 138 138
30 271 138 138
61 271 110 110
215 271 146 146
216 271 146 146
265 271 30 30
289 271 42 42
30 272 138 138
61 272 110 110
215 272 146 146
30 273 138 138
61 273 110 110
434 273 13 13
435 273 13 13
61 274 110 110
62 274 110 110
346 274 73 73
435 274 13 13
205 275 70 70
206 275 70 70
207 275 70 70
346 275 73 73
416 275 10 10
448 275 43 43
449 275 43 43
450 275 43 43
207 276 70 70
346 276 73 73
347 276 73 73
348 276 73 73
415 276 10 10
416 276 10 10
417 276 10 10
450 276 43 43
47 277 21 21
273 277 129 129
274 277 129 129
415 277 10 10
450 277 43 43
451 277 43 43
46 278 21 21
47 278 21 21
274 278 129 129
451 278 43 43
47 279 21 21
450 279 43 43
451 279 43 43
464 279 40 40
111 280 25 25
463 280 40 40
464 280 40 40
111 281 25 25
463 281 40 40
464 281 40 40
473 281 148 148
474 281 148 148
5 282 75 75
89 282 123 123
188 282 89 89
363 282 77 77
472 282 148 148
473 282 148 148
5 283 75 75
29 283 101 101
88 283 123 123
89 283 123 123
188 283 89 89
189 283 89 89
363 283 77 77
472 283 148 148
5 284 75 75
29 284 101 101
189 284 89 89
363 284 77 77
364 284 77 77
29 285 101 101
349 285 111 111
349 286 111 111
349 287 111 111
350 287 111 111
148 290 78 78
149 290 78 78
158 290 56 56
159 290 56 56
207 290 64 64
20 291 102 102
63 291 71 71
107 291 55 55
108 291 55 55
109 291 55 55
149 291 78 78
150 291 78 78
158 291 56 56
206 291 64 64
207 291 64 64
230 291 50 50
397 291 5 5
20 292 102 102
62 292 71 71
63 292 71 71
229 292 50 50
230 292 50 50
331 292 60 60
332 292 60 60
397 292 5 5
398 292 5 5
20 293 102 102
230 293 50 50
331 293 60 60
396 293 5 5
397 293 5 5
398 293 5 5
423 293 0 0
424 293 0 0
425 293 0 0
19 294 102 102
20 294 102 102
423 294 0 0
425 294 0 0
426 294 0 0
278 296 18 18
144 297 19 19
145 297 19 19
276 297 18 18
277 297 18 18
278 297 18 18
307 297 116 116
74 298 81 81
119 298 48 48
120 298 48 48
143 298 19 19
144 298 19 19
145 298 19 19
191 298 69 69
192 298 69 69
277 298 18 18
278 298 18 18
307 298 116 116
315 298 45 45
316 298 45 45
72 299 81 81
73 299 81 81
74 299 81 81
119 299 48 48
134 299 6 6
191 299 69 69
270 299 51 51
271 299 51 51
272 299 51 51
306 299 116 116
307 299 116 116
315 299 45 45
134 300 6 6
307 300 116 116
134 301 6 6
154 301 12 12
192 301 9 9
193 301 9 9
194 301 9 9
153 302 12 12
154 302 12 12
194 302 9 9
276 302 63 63
277 302 63 63
278 302 63 63
335 302 139 139
336 302 139 139
153 303 12 12
278 303 63 63
335 303 139 139
335 304 139 139
370 306 121 121
371 306 121 121
372 306 121 121
462 306 22 22
372 307 121 121
455 307 84 84
462 307 22 22
463 307 22 22
69 308 143 143
216 308 100 100
217 308 100 100
218 308 100 100
372 308 121 121
455 308 84 84
456 308 84 84
68 309 143 143
69 309 143 143
70 309 143 143
217 309 100 100
455 309 84 84
68 310 143 143
69 310 143 143
70 310 143 143
103 310 94 94
216 310 100 100
217 310 100 100
13 311 103 103
103 311 94 94
104 311 94 94
216 311 100 100
13 312 103 103
102 312 94 94
103 312 94 94
166 312 128 128
216 312 100 100
280 312 113 113
281 312 113 113
312 312 65 65
313 312 65 65
444 312 122 122
445 312 122 122
13 313 103 103
51 313 79 79
55 313 79 79
165 313 128 128
166 313 128 128
281 313 113 113
312 313 65 65
444 313 122 122
13 314 103 103
51 314 79 79
53 314 79 79
54 314 79 79
55 314 79 79
165 314 128 128
166 314 128 128
280 314 113 113
281 314 113 113
312 314 65 65
444 314 122 122
445 314 122 122
51 315 79 79
52 315 79 79
53 315 79 79
55 315 79 79
122 315 130 130
258 315 115 115
312 315 65 65
456 315 39 39
457 315 39 39
51 316 79 79
121 316 130 130
122 316 130 130
193 316 72 72
194 316 72 72
257 316 115 115
258 316 115 115
312 316 65 65
313 316 65 65
390 316 66 66
391 316 66 66
121 317 130 130
242 317 112 112
243 317 112 112
257 317 115 115
258 317 115 115
390 317 66 66
391 317 66 66
243 318 112 112
257 318 115 115
258 318 115 115
300 318 37 37
243 319 112 112
299 319 37 37
300 319 37 37
