2459 481 321
216 0 18 18
217 0 18 18
220 0 18 18
221 0 18 18
216 1 18 18
217 1 18 18
218 1 18 18
219 1 18 18
220 1 18 18
221 1 18 18
330 79 5 5
330 80 5 5
330 81 5 5
330 82 5 5
331 82 5 5
330 83 5 5
331 83 5 5
330 84 5 5
331 84 5 5
331 85 5 5
332 85 5 5
250 127 7 7
251 127 7 7
252 127 7 7
253 127 7 7
251 128 7 7
253 128 7 7
162 129 4 4
163 129 4 4
164 129 4 4
165 129 4 4
163 130 4 4
164 130 4 4
165 130 4 4
197 140 49 49
190 141 49 49
191 141 49 49
195 141 49 49
196 141 49 49
197 141 49 49
198 141 49 49
199 141 49 49
204 141 49 49
208 141 49 49
209 141 49 49
210 141 49 49
211 141 49 49
189 142 49 49
190 142 49 49
191 142 49 49
192 142 49 49
195 142 49 49
196 142 49 49
197 142 49 49
198 142 49 49
199 142 49 49
201 142 49 49
202 142 49 49
203 142 49 49
204 142 49 49
205 142 49 49
206 142 49 49
207 142 49 49
208 142 49 49
209 142 49 49
210 142 49 49
211 142 49 49
215 142 36 36
216 142 36 36
217 142 36 36
218 142 36 36
219 142 36 36
220 142 36 36
221 142 36 36
222 142 36 36
223 142 36 36
187 143 49 49
188 143 49 49
192 143 49 49
198 143 49 49
199 143 49 49
200 143 49 49
201 143 49 49
202 143 49 49
203 143 49 49
204 143 49 49
205 143 36 36
206 143 36 36
207 143 36 36
208 143 49 49
209 143 49 49
210 143 49 49
211 143 49 49
212 143 36 36
213 143 36 36
214 143 36 36
218 143 36 36
219 143 36 36
220 143 36 36
221 143 36 36
222 143 36 36
223 143 36 36
224 143 36 36
232 143 27 27
233 143 24 24
234 143 24 24
235 143 24 24
236 143 24 24
237 143 24 24
238 143 24 24
239 143 24 24
250 143 26 26
251 143 26 26
252 143 26 26
253 143 26 26
254 143 26 26
255 143 26 26
256 143 26 26
257 143 26 26
258 143 26 26
259 143 26 26
260 143 26 26
261 143 26 26
262 143 26 26
263 143 26 26
264 143 26 26
267 143 26 26
268 143 26 26
269 143 26 26
270 143 26 26
175 144 49 49
176 144 49 49
180 144 49 49
181 144 49 49
187 144 49 49
188 144 49 49
189 144 49 49
190 144 49 49
191 144 49 49
192 144 49 49
193 144 49 49
194 144 49 49
195 144 49 49
196 144 49 49
197 144 49 49
198 144 49 49
199 144 49 49
200 144 49 49
201 144 49 49
202 144 49 49
203 144 49 49
204 144 36 36
205 144 36 36
206 144 36 36
207 144 36 36
208 144 36 36
209 144 36 36
210 144 36 36
211 144 36 36
212 144 36 36
213 144 36 36
214 144 36 36
215 144 36 36
217 144 36 36
218 144 36 36
219 144 36 36
220 144 36 36
221 144 36 36
222 144 36 36
223 144 36 36
224 144 36 36
225 144 36 36
226 144 27 27
230 144 27 27
231 144 27 27
232 144 27 27
233 144 27 27
234 144 27 27
235 144 27 27
236 144 24 24
237 144 24 24
238 144 24 24
239 144 24 24
240 144 24 24
246 144 24 24
250 144 24 24
251 144 26 26
252 144 24 24
253 144 26 26
254 144 24 24
255 144 26 26
256 144 26 26
257 144 26 26
258 144 26 26
259 144 26 26
260 144 26 26
261 144 26 26
262 144 26 26
263 144 26 26
264 144 26 26
265 144 26 26
266 144 26 26
267 144 26 26
268 144 26 26
269 144 26 26
270 144 26 26
271 144 26 26
274 144 26 26
275 144 26 26
276 144 26 26
282 144 26 26
286 144 26 26
175 145 49 49
176 145 49 49
177 145 49 49
180 145 49 49
181 145 49 49
186 145 49 49
187 145 49 49
188 145 49 49
189 145 49 49
190 145 49 49
191 145 49 49
192 145 49 49
193 145 49 49
194 145 49 49
195 145 49 49
196 145 49 49
197 145 49 49
198 145 49 49
199 145 49 49
200 145 49 49
201 145 49 49
202 145 49 49
203 145 36 36
204 145 36 36
205 145 36 36
206 145 36 36
207 145 36 36
208 145 36 36
209 145 36 36
210 145 36 36
211 145 36 36
212 145 36 36
213 145 36 36
214 145 36 36
215 145 36 36
216 145 36 36
217 145 36 36
218 145 36 36
219 145 36 36
220 145 36 36
222 145 36 36
223 145 36 36
224 145 27 27
225 145 27 27
226 145 27 27
227 145 27 27
230 145 27 27
231 145 27 27
232 145 27 27
233 145 27 27
234 145 27 27
235 145 27 27
236 145 27 27
237 145 27 27
238 145 27 27
239 145 24 24
240 145 24 24
241 145 24 24
242 145 24 24
243 145 24 24
244 145 24 24
245 145 24 24
246 145 24 24
247 145 24 24
248 145 24 24
249 145 24 24
250 145 24 24
251 145 24 24
252 145 24 24
253 145 24 24
254 145 24 24
255 145 24 24
256 145 24 24
257 145 24 24
258 145 24 24
259 145 24 24
260 145 24 24
261 145 26 26
262 145 26 26
263 145 24 24
264 145 26 26
265 145 26 26
266 145 26 26
267 145 26 26
268 145 26 26
269 145 26 26
270 145 26 26
271 145 26 26
272 145 26 26
273 145 26 26
274 145 26 26
275 145 26 26
276 145 26 26
277 145 26 26
278 145 26 26
281 145 26 26
282 145 26 26
285 145 26 26
286 145 26 26
290 145 26 26
176 146 49 49
177 146 49 49
178 146 49 49
179 146 49 49
180 146 49 49
181 146 49 49
184 146 49 49
185 146 49 49
186 146 49 49
187 146 49 49
188 146 49 49
189 146 49 49
190 146 49 49
191 146 49 49
192 146 49 49
193 146 49 49
194 146 49 49
195 146 49 49
196 146 49 49
197 146 49 49
198 146 49 49
199 146 49 49
200 146 49 49
201 146 36 36
202 146 36 36
203 146 36 36
204 146 36 36
205 146 36 36
206 146 36 36
207 146 36 36
208 146 36 36
209 146 36 36
210 146 36 36
211 146 36 36
212 146 36 36
213 146 36 36
214 146 36 36
215 146 36 36
216 146 36 36
217 146 36 36
218 146 36 36
219 146 36 36
220 146 36 36
221 146 36 36
222 146 36 36
223 146 36 36
224 146 36 36
225 146 36 36
226 146 27 27
227 146 27 27
228 146 27 27
229 146 27 27
230 146 27 27
231 146 27 27
232 146 27 27
233 146 27 27
236 146 27 27
237 146 27 27
238 146 27 27
239 146 27 27
240 146 27 27
241 146 27 27
242 146 27 27
243 146 27 27
244 146 27 27
245 146 27 27
246 146 27 27
247 146 27 27
248 146 27 27
249 146 27 27
250 146 27 27
251 146 27 27
252 146 27 27
253 146 27 27
254 146 27 27
255 146 27 27
256 146 24 24
257 146 24 24
258 146 24 24
259 146 24 24
260 146 24 24
261 146 24 24
262 146 24 24
263 146 24 24
264 146 24 24
265 146 24 24
266 146 24 24
267 146 24 24
268 146 24 24
269 146 24 24
270 146 24 24
271 146 24 24
272 146 26 26
273 146 26 26
276 146 26 26
277 146 26 26
278 146 26 26
279 146 26 26
280 146 26 26
281 146 26 26
282 146 26 26
283 146 26 26
284 146 26 26
285 146 26 26
286 146 26 26
287 146 26 26
290 146 26 26
291 146 26 26
176 147 49 49
177 147 49 49
178 147 49 49
179 147 49 49
180 147 49 49
181 147 49 49
182 147 49 49
183 147 49 49
184 147 49 49
185 147 49 49
186 147 49 49
187 147 49 49
188 147 49 49
189 147 49 49
190 147 49 49
191 147 49 49
192 147 49 49
193 147 49 49
194 147 49 49
195 147 49 49
196 147 49 49
197 147 49 49
198 147 49 49
199 147 49 49
200 147 36 36
201 147 36 36
202 147 36 36
203 147 36 36
204 147 36 36
205 147 36 36
206 147 36 36
207 147 36 36
208 147 36 36
209 147 36 36
210 147 36 36
211 147 36 36
212 147 36 36
213 147 36 36
214 147 36 36
215 147 36 36
216 147 36 36
217 147 36 36
218 147 36 36
219 147 36 36
220 147 36 36
221 147 36 36
222 147 36 36
223 147 36 36
224 147 36 36
225 147 36 36
226 147 27 27
227 147 27 27
228 147 27 27
229 147 27 27
230 147 27 27
231 147 27 27
232 147 27 27
236 147 27 27
237 147 27 27
238 147 27 27
239 147 27 27
242 147 27 27
243 147 27 27
244 147 27 27
245 147 27 27
246 147 27 27
247 147 27 27
248 147 27 27
249 147 27 27
250 147 27 27
251 147 27 27
252 147 27 27
253 147 27 27
256 147 27 27
257 147 24 24
258 147 24 24
259 147 24 24
260 147 24 24
261 147 24 24
262 147 24 24
263 147 24 24
264 147 24 24
265 147 24 24
266 147 24 24
267 147 24 24
268 147 24 24
269 147 24 24
270 147 24 24
271 147 24 24
272 147 26 26
273 147 26 26
274 147 26 26
275 147 26 26
276 147 26 26
277 147 26 26
278 147 26 26
279 147 26 26
280 147 26 26
281 147 26 26
282 147 26 26
283 147 26 26
284 147 26 26
285 147 26 26
286 147 26 26
287 147 26 26
289 147 26 26
290 147 26 26
291 147 26 26
164 148 49 49
173 148 49 49
174 148 49 49
175 148 49 49
176 148 49 49
177 148 49 49
178 148 49 49
179 148 49 49
180 148 49 49
181 148 49 49
182 148 49 49
183 148 49 49
184 148 49 49
185 148 49 49
186 148 49 49
187 148 49 49
188 148 49 49
189 148 49 49
190 148 49 49
191 148 49 49
192 148 49 49
193 148 49 49
194 148 49 49
195 148 36 36
196 148 36 36
197 148 36 36
198 148 36 36
199 148 36 36
200 148 36 36
201 148 36 36
202 148 36 36
203 148 36 36
204 148 36 36
205 148 36 36
206 148 36 36
207 148 36 36
208 148 36 36
209 148 36 36
210 148 36 36
211 148 36 36
212 148 36 36
213 148 36 36
214 148 27 27
215 148 27 27
216 148 36 36
217 148 36 36
218 148 27 27
219 148 27 27
220 148 27 27
221 148 27 27
222 148 36 36
223 148 36 36
224 148 36 36
225 148 36 36
226 148 36 36
227 148 36 36
228 148 27 27
229 148 27 27
230 148 27 27
231 148 27 27
232 148 27 27
238 148 27 27
239 148 27 27
243 148 27 27
244 148 27 27
245 148 27 27
246 148 27 27
249 148 27 27
250 148 27 27
251 148 27 27
252 148 27 27
253 148 27 27
256 148 27 27
257 148 27 27
258 148 27 27
259 148 27 27
260 148 27 27
261 148 27 27
262 148 24 24
263 148 24 24
264 148 24 24
265 148 24 24
266 148 24 24
267 148 24 24
268 148 24 24
269 148 24 24
270 148 24 24
271 148 26 26
272 148 26 26
273 148 26 26
274 148 26 26
275 148 26 26
276 148 26 26
277 148 26 26
278 148 26 26
279 148 26 26
280 148 26 26
281 148 26 26
282 148 26 26
283 148 26 26
284 148 26 26
285 148 26 26
286 148 26 26
287 148 26 26
288 148 26 26
289 148 26 26
290 148 26 26
291 148 26 26
292 148 26 26
164 149 49 49
169 149 49 49
170 149 49 49
173 149 49 49
174 149 49 49
175 149 49 49
176 149 49 49
177 149 49 49
178 149 49 49
179 149 49 49
180 149 49 49
181 149 49 49
182 149 49 49
183 149 49 49
184 149 49 49
185 149 49 49
186 149 49 49
187 149 49 49
188 149 49 49
189 149 49 49
190 149 49 49
191 149 49 49
192 149 49 49
193 149 49 49
194 149 49 49
195 149 49 49
196 149 36 36
197 149 36 36
198 149 36 36
199 149 36 36
200 149 36 36
201 149 36 36
202 149 36 36
203 149 36 36
204 149 36 36
205 149 36 36
206 149 36 36
207 149 36 36
208 149 36 36
209 149 36 36
210 149 36 36
211 149 36 36
212 149 36 36
213 149 36 36
214 149 27 27
215 149 27 27
216 149 36 36
217 149 27 27
218 149 27 27
219 149 27 27
220 149 27 27
221 149 27 27
222 149 36 36
223 149 36 36
224 149 36 36
225 149 36 36
226 149 36 36
227 149 36 36
228 149 27 27
229 149 27 27
230 149 27 27
231 149 27 27
232 149 27 27
233 149 27 27
241 149 27 27
242 149 27 27
243 149 27 27
244 149 27 27
245 149 27 27
249 149 27 27
250 149 27 27
251 149 27 27
252 149 27 27
253 149 27 27
254 149 27 27
255 149 27 27
256 149 27 27
257 149 27 27
258 149 27 27
259 149 27 27
260 149 27 27
261 149 27 27
262 149 24 24
263 149 24 24
264 149 24 24
265 149 24 24
266 149 24 24
267 149 24 24
268 149 24 24
269 149 24 24
270 149 24 24
271 149 24 24
272 149 24 24
273 149 24 24
274 149 24 24
275 149 24 24
276 149 24 24
277 149 24 24
278 149 24 24
279 149 24 24
280 149 26 26
281 149 26 26
282 149 26 26
283 149 26 26
284 149 26 26
285 149 26 26
286 149 26 26
287 149 26 26
288 149 26 26
289 149 26 26
290 149 26 26
291 149 26 26
292 149 26 26
293 149 26 26
163 150 49 49
164 150 49 49
167 150 49 49
169 150 49 49
170 150 49 49
172 150 49 49
173 150 49 49
174 150 49 49
175 150 49 49
176 150 49 49
177 150 49 49
178 150 49 49
179 150 49 49
180 150 49 49
181 150 49 49
182 150 49 49
183 150 49 49
184 150 49 49
185 150 49 49
186 150 49 49
187 150 49 49
188 150 49 49
189 150 49 49
190 150 36 36
191 150 36 36
192 150 36 36
193 150 36 36
194 150 36 36
195 150 49 49
196 150 49 49
197 150 36 36
198 150 36 36
199 150 36 36
200 150 36 36
201 150 36 36
202 150 36 36
203 150 36 36
204 150 36 36
205 150 36 36
206 150 36 36
207 150 36 36
208 150 36 36
209 150 36 36
210 150 36 36
211 150 36 36
212 150 27 27
213 150 27 27
214 150 27 27
215 150 27 27
216 150 27 27
217 150 27 27
218 150 27 27
219 150 27 27
220 150 27 27
221 150 27 27
222 150 27 27
223 150 36 36
224 150 36 36
225 150 27 27
226 150 27 27
227 150 27 27
228 150 27 27
229 150 27 27
230 150 27 27
231 150 27 27
240 150 27 27
241 150 27 27
242 150 27 27
243 150 27 27
244 150 27 27
245 150 27 27
246 150 27 27
247 150 27 27
248 150 27 27
249 150 27 27
250 150 27 27
252 150 27 27
254 150 27 27
255 150 27 27
256 150 27 27
257 150 27 27
258 150 27 27
259 150 27 27
260 150 27 27
261 150 27 27
262 150 27 27
263 150 27 27
264 150 24 24
265 150 24 24
266 150 24 24
267 150 24 24
268 150 24 24
269 150 24 24
270 150 24 24
271 150 24 24
272 150 24 24
273 150 24 24
274 150 24 24
276 150 24 24
277 150 24 24
278 150 24 24
279 150 24 24
280 150 24 24
281 150 26 26
282 150 26 26
283 150 24 24
284 150 24 24
285 150 26 26
287 150 26 26
289 150 26 26
290 150 26 26
291 150 26 26
294 150 26 26
295 150 26 26
163 151 49 49
164 151 49 49
165 151 49 49
166 151 49 49
167 151 49 49
169 151 49 49
170 151 49 49
173 151 49 49
174 151 49 49
176 151 49 49
177 151 49 49
178 151 49 49
179 151 49 49
182 151 49 49
183 151 49 49
184 151 49 49
185 151 49 49
186 151 49 49
187 151 49 49
188 151 49 49
189 151 49 49
190 151 36 36
191 151 36 36
192 151 36 36
193 151 36 36
194 151 36 36
195 151 49 49
196 151 49 49
197 151 49 49
198 151 36 36
199 151 36 36
200 151 36 36
201 151 36 36
202 151 36 36
203 151 36 36
208 151 36 36
209 151 36 36
210 151 36 36
211 151 36 36
212 151 27 27
213 151 27 27
214 151 27 27
215 151 27 27
216 151 27 27
217 151 27 27
218 151 27 27
219 151 27 27
220 151 27 27
221 151 27 27
222 151 27 27
223 151 27 27
224 151 27 27
225 151 27 27
226 151 27 27
227 151 27 27
228 151 27 27
229 151 27 27
230 151 27 27
231 151 27 27
236 151 27 27
237 151 27 27
238 151 27 27
239 151 27 27
240 151 27 27
241 151 27 27
242 151 27 27
243 151 27 27
244 151 27 27
245 151 27 27
246 151 27 27
247 151 27 27
248 151 27 27
249 151 27 27
250 151 27 27
251 151 27 27
252 151 27 27
253 151 27 27
254 151 24 24
255 151 24 24
256 151 27 27
259 151 27 27
260 151 27 27
261 151 27 27
262 151 27 27
263 151 27 27
264 151 24 24
265 151 24 24
266 151 24 24
267 151 24 24
268 151 24 24
269 151 24 24
270 151 24 24
271 151 24 24
272 151 24 24
278 151 24 24
279 151 24 24
280 151 24 24
281 151 26 26
282 151 26 26
283 151 24 24
284 151 24 24
285 151 26 26
287 151 26 26
290 151 26 26
291 151 26 26
294 151 26 26
295 151 26 26
162 152 49 49
163 152 49 49
164 152 49 49
165 152 49 49
166 152 49 49
167 152 49 49
168 152 49 49
169 152 49 49
170 152 49 49
171 152 49 49
172 152 49 49
173 152 49 49
174 152 49 49
175 152 49 49
176 152 49 49
177 152 49 49
178 152 49 49
179 152 49 49
180 152 49 49
181 152 49 49
182 152 49 49
183 152 49 49
184 152 49 49
185 152 49 49
186 152 36 36
187 152 36 36
188 152 36 36
189 152 36 36
190 152 36 36
191 152 36 36
192 152 36 36
193 152 36 36
195 152 36 36
196 152 36 36
197 152 36 36
198 152 36 36
199 152 36 36
203 152 36 36
204 152 36 36
205 152 36 36
208 152 36 36
209 152 36 36
210 152 36 36
211 152 36 36
212 152 36 36
213 152 27 27
214 152 27 27
215 152 27 27
216 152 27 27
217 152 27 27
218 152 27 27
222 152 27 27
223 152 27 27
224 152 27 27
225 152 27 27
228 152 27 27
237 152 27 27
239 152 27 27
240 152 27 27
242 152 27 27
244 152 27 27
246 152 27 27
248 152 27 27
249 152 27 27
250 152 24 24
251 152 24 24
252 152 24 24
253 152 24 24
254 152 24 24
255 152 27 27
256 152 27 27
258 152 27 27
259 152 27 27
260 152 27 27
261 152 27 27
262 152 27 27
263 152 27 27
264 152 24 24
265 152 24 24
266 152 24 24
267 152 24 24
268 152 24 24
269 152 24 24
270 152 24 24
271 152 24 24
272 152 24 24
273 152 24 24
280 152 24 24
281 152 24 24
282 152 24 24
283 152 24 24
284 152 24 24
285 152 24 24
286 152 26 26
287 152 26 26
288 152 26 26
289 152 26 26
290 152 26 26
294 152 26 26
295 152 26 26
163 153 49 49
164 153 49 49
167 153 49 49
168 153 49 49
169 153 49 49
170 153 49 49
171 153 49 49
172 153 49 49
173 153 49 49
174 153 49 49
175 153 49 49
176 153 49 49
177 153 49 49
178 153 49 49
179 153 49 49
180 153 49 49
181 153 49 49
182 153 49 49
183 153 49 49
184 153 49 49
185 153 49 49
186 153 49 49
187 153 36 36
188 153 36 36
189 153 36 36
190 153 36 36
191 153 36 36
192 153 36 36
193 153 36 36
194 153 36 36
195 153 36 36
196 153 36 36
197 153 36 36
198 153 36 36
199 153 36 36
200 153 36 36
201 153 36 36
202 153 36 36
203 153 36 36
204 153 36 36
205 153 36 36
206 153 36 36
207 153 36 36
208 153 36 36
209 153 36 36
210 153 36 36
211 153 36 36
212 153 36 36
213 153 27 27
214 153 27 27
215 153 27 27
216 153 36 36
217 153 27 27
218 153 27 27
221 153 27 27
222 153 27 27
223 153 27 27
224 153 27 27
225 153 27 27
236 153 27 27
237 153 27 27
238 153 27 27
240 153 27 27
241 153 27 27
243 153 27 27
244 153 27 27
246 153 27 27
251 153 24 24
253 153 24 24
254 153 24 24
256 153 27 27
257 153 27 27
258 153 27 27
259 153 27 27
260 153 27 27
261 153 24 24
262 153 24 24
263 153 27 27
264 153 24 24
265 153 24 24
266 153 24 24
267 153 24 24
268 153 24 24
269 153 24 24
270 153 24 24
271 153 24 24
272 153 24 24
273 153 24 24
274 153 24 24
275 153 24 24
276 153 24 24
277 153 24 24
278 153 24 24
279 153 24 24
280 153 26 26
281 153 26 26
282 153 26 26
283 153 26 26
284 153 26 26
285 153 26 26
286 153 26 26
287 153 26 26
288 153 26 26
289 153 26 26
290 153 26 26
291 153 26 26
292 153 26 26
293 153 26 26
294 153 26 26
295 153 26 26
296 153 26 26
297 153 26 26
169 154 49 49
170 154 49 49
172 154 49 49
173 154 49 49
174 154 49 49
175 154 49 49
177 154 49 49
178 154 49 49
179 154 49 49
180 154 49 49
181 154 49 49
182 154 49 49
183 154 49 49
184 154 49 49
185 154 49 49
186 154 49 49
187 154 49 49
188 154 36 36
189 154 36 36
190 154 36 36
191 154 36 36
193 154 36 36
194 154 36 36
195 154 36 36
196 154 36 36
197 154 36 36
198 154 36 36
199 154 36 36
200 154 36 36
201 154 36 36
204 154 36 36
205 154 36 36
206 154 36 36
207 154 36 36
208 154 36 36
209 154 36 36
210 154 36 36
211 154 36 36
212 154 36 36
213 154 27 27
214 154 27 27
215 154 36 36
216 154 36 36
217 154 36 36
218 154 27 27
220 154 27 27
221 154 27 27
222 154 27 27
223 154 27 27
237 154 27 27
239 154 27 27
241 154 27 27
251 154 24 24
252 154 24 24
256 154 24 24
257 154 27 27
258 154 27 27
259 154 27 27
260 154 24 24
261 154 24 24
262 154 24 24
263 154 24 24
264 154 24 24
265 154 24 24
266 154 24 24
267 154 24 24
268 154 24 24
269 154 24 24
270 154 24 24
271 154 24 24
272 154 24 24
273 154 24 24
274 154 24 24
275 154 24 24
276 154 24 24
277 154 24 24
278 154 24 24
279 154 24 24
280 154 26 26
281 154 26 26
284 154 26 26
285 154 26 26
286 154 26 26
287 154 26 26
288 154 26 26
289 154 26 26
290 154 26 26
291 154 26 26
292 154 26 26
293 154 26 26
296 154 26 26
297 154 26 26
169 155 49 49
170 155 49 49
173 155 49 49
174 155 49 49
175 155 49 49
177 155 49 49
178 155 49 49
179 155 49 49
180 155 49 49
181 155 49 49
182 155 49 49
183 155 49 49
184 155 49 49
185 155 49 49
186 155 49 49
187 155 49 49
188 155 49 49
189 155 49 49
190 155 36 36
191 155 36 36
193 155 36 36
194 155 36 36
195 155 36 36
196 155 36 36
197 155 36 36
198 155 36 36
199 155 36 36
200 155 36 36
201 155 36 36
204 155 36 36
205 155 36 36
206 155 36 36
207 155 36 36
208 155 36 36
209 155 36 36
210 155 36 36
211 155 36 36
212 155 27 27
213 155 27 27
214 155 27 27
215 155 27 27
216 155 36 36
217 155 27 27
218 155 27 27
219 155 27 27
220 155 27 27
221 155 27 27
222 155 27 27
223 155 27 27
239 155 27 27
240 155 27 27
241 155 27 27
242 155 27 27
243 155 27 27
251 155 24 24
252 155 24 24
253 155 24 24
254 155 24 24
255 155 24 24
256 155 24 24
257 155 24 24
258 155 24 24
259 155 24 24
260 155 24 24
262 155 24 24
263 155 24 24
264 155 24 24
265 155 24 24
266 155 24 24
267 155 24 24
268 155 24 24
269 155 24 24
270 155 24 24
271 155 24 24
272 155 24 24
273 155 24 24
274 155 24 24
275 155 24 24
276 155 26 26
277 155 26 26
278 155 26 26
279 155 26 26
284 155 26 26
285 155 26 26
286 155 26 26
287 155 26 26
288 155 26 26
289 155 26 26
290 155 26 26
291 155 26 26
292 155 26 26
293 155 26 26
296 155 26 26
169 156 49 49
170 156 49 49
173 156 49 49
174 156 49 49
176 156 49 49
177 156 49 49
178 156 49 49
179 156 49 49
180 156 49 49
181 156 49 49
182 156 49 49
183 156 49 49
184 156 49 49
185 156 49 49
186 156 49 49
187 156 49 49
188 156 49 49
189 156 49 49
190 156 36 36
191 156 36 36
193 156 36 36
194 156 36 36
195 156 36 36
196 156 36 36
197 156 36 36
198 156 36 36
199 156 36 36
200 156 36 36
201 156 36 36
202 156 36 36
203 156 36 36
204 156 36 36
205 156 36 36
206 156 36 36
207 156 36 36
208 156 36 36
209 156 36 36
210 156 36 36
211 156 36 36
212 156 27 27
213 156 27 27
214 156 27 27
215 156 27 27
216 156 36 36
217 156 27 27
218 156 27 27
219 156 27 27
220 156 27 27
221 156 27 27
222 156 27 27
223 156 27 27
224 156 27 27
241 156 27 27
253 156 24 24
254 156 24 24
255 156 24 24
256 156 24 24
257 156 24 24
258 156 24 24
259 156 24 24
260 156 24 24
262 156 24 24
263 156 24 24
264 156 24 24
265 156 24 24
266 156 24 24
267 156 24 24
268 156 24 24
269 156 24 24
270 156 24 24
271 156 24 24
272 156 24 24
273 156 24 24
274 156 24 24
275 156 24 24
276 156 26 26
277 156 26 26
278 156 26 26
279 156 26 26
280 156 26 26
281 156 26 26
282 156 26 26
283 156 26 26
284 156 26 26
285 156 26 26
286 156 26 26
287 156 26 26
288 156 26 26
289 156 26 26
290 156 26 26
291 156 26 26
292 156 26 26
293 156 26 26
296 156 26 26
169 157 49 49
170 157 49 49
173 157 49 49
174 157 49 49
175 157 49 49
176 157 49 49
177 157 49 49
178 157 49 49
179 157 49 49
180 157 49 49
181 157 49 49
182 157 49 49
183 157 49 49
184 157 49 49
185 157 49 49
186 157 49 49
187 157 49 49
188 157 49 49
189 157 49 49
190 157 36 36
191 157 36 36
192 157 36 36
193 157 36 36
194 157 36 36
195 157 36 36
196 157 36 36
197 157 36 36
198 157 36 36
199 157 36 36
200 157 36 36
201 157 36 36
202 157 36 36
203 157 36 36
204 157 36 36
205 157 36 36
206 157 36 36
207 157 36 36
208 157 36 36
209 157 36 36
210 157 36 36
211 157 36 36
212 157 27 27
213 157 27 27
214 157 27 27
215 157 36 36
216 157 36 36
217 157 27 27
218 157 27 27
219 157 27 27
220 157 27 27
221 157 27 27
222 157 27 27
248 157 24 24
249 157 24 24
250 157 24 24
251 157 24 24
252 157 24 24
253 157 24 24
254 157 24 24
256 157 24 24
257 157 24 24
258 157 24 24
259 157 24 24
260 157 24 24
262 157 24 24
263 157 24 24
264 157 24 24
265 157 24 24
266 157 24 24
267 157 24 24
268 157 24 24
269 157 24 24
270 157 24 24
271 157 24 24
272 157 24 24
273 157 24 24
274 157 24 24
275 157 24 24
276 157 24 24
277 157 24 24
278 157 24 24
279 157 24 24
280 157 26 26
281 157 26 26
282 157 26 26
283 157 26 26
284 157 26 26
285 157 26 26
286 157 26 26
287 157 26 26
288 157 26 26
289 157 26 26
290 157 26 26
291 157 26 26
292 157 26 26
293 157 26 26
296 157 26 26
169 158 49 49
170 158 49 49
173 158 49 49
174 158 49 49
175 158 49 49
176 158 49 49
177 158 49 49
178 158 49 49
179 158 49 49
180 158 49 49
181 158 49 49
182 158 49 49
183 158 49 49
184 158 49 49
185 158 49 49
186 158 49 49
187 158 49 49
188 158 49 49
189 158 49 49
190 158 36 36
191 158 36 36
192 158 36 36
193 158 36 36
194 158 36 36
195 158 36 36
196 158 36 36
197 158 36 36
198 158 36 36
199 158 36 36
200 158 36 36
201 158 36 36
202 158 36 36
203 158 36 36
204 158 36 36
205 158 36 36
206 158 36 36
207 158 36 36
208 158 36 36
210 158 36 36
211 158 36 36
212 158 36 36
213 158 36 36
214 158 27 27
215 158 36 36
216 158 36 36
217 158 27 27
218 158 27 27
222 158 27 27
251 158 24 24
256 158 24 24
257 158 24 24
258 158 24 24
259 158 24 24
260 158 24 24
262 158 24 24
263 158 24 24
264 158 24 24
265 158 24 24
266 158 24 24
267 158 24 24
268 158 24 24
273 158 24 24
274 158 24 24
275 158 24 24
276 158 24 24
277 158 24 24
278 158 26 26
279 158 26 26
280 158 26 26
281 158 26 26
282 158 26 26
283 158 26 26
284 158 26 26
285 158 26 26
286 158 26 26
287 158 26 26
288 158 26 26
289 158 26 26
290 158 26 26
291 158 26 26
292 158 26 26
169 159 49 49
170 159 49 49
172 159 49 49
173 159 49 49
174 159 49 49
175 159 49 49
177 159 49 49
178 159 49 49
179 159 49 49
180 159 49 49
181 159 49 49
182 159 49 49
183 159 49 49
184 159 49 49
185 159 49 49
186 159 49 49
187 159 49 49
188 159 49 49
189 159 36 36
190 159 36 36
191 159 36 36
192 159 36 36
195 159 36 36
196 159 36 36
197 159 36 36
198 159 36 36
199 159 36 36
200 159 36 36
201 159 36 36
202 159 36 36
203 159 36 36
204 159 36 36
205 159 36 36
206 159 36 36
207 159 36 36
208 159 36 36
209 159 36 36
210 159 36 36
211 159 36 36
212 159 36 36
213 159 36 36
214 159 36 36
215 159 36 36
216 159 36 36
217 159 27 27
218 159 27 27
257 159 24 24
258 159 24 24
264 159 24 24
265 159 24 24
266 159 24 24
267 159 24 24
275 159 24 24
276 159 24 24
277 159 24 24
278 159 26 26
279 159 26 26
280 159 26 26
281 159 26 26
282 159 26 26
283 159 26 26
284 159 26 26
285 159 26 26
286 159 26 26
287 159 26 26
288 159 26 26
289 159 26 26
290 159 26 26
168 160 49 49
169 160 49 49
172 160 49 49
173 160 49 49
176 160 49 49
177 160 49 49
178 160 49 49
179 160 49 49
180 160 49 49
181 160 49 49
182 160 49 49
183 160 49 49
184 160 49 49
185 160 49 49
186 160 49 49
189 160 49 49
190 160 49 49
191 160 36 36
193 160 36 36
194 160 36 36
195 160 49 49
196 160 49 49
197 160 49 49
198 160 36 36
199 160 36 36
200 160 36 36
201 160 36 36
202 160 36 36
203 160 36 36
204 160 36 36
205 160 36 36
206 160 36 36
207 160 36 36
210 160 36 36
211 160 36 36
212 160 36 36
215 160 36 36
216 160 36 36
267 160 24 24
277 160 24 24
279 160 26 26
280 160 26 26
281 160 26 26
283 160 26 26
285 160 26 26
288 160 26 26
289 160 26 26
172 161 49 49
173 161 49 49
174 161 49 49
175 161 49 49
176 161 49 49
177 161 49 49
178 161 49 49
179 161 49 49
180 161 49 49
181 161 49 49
182 161 49 49
183 161 49 49
184 161 49 49
185 161 49 49
186 161 49 49
189 161 49 49
190 161 49 49
191 161 36 36
192 161 36 36
193 161 36 36
194 161 36 36
195 161 36 36
196 161 49 49
197 161 36 36
198 161 36 36
199 161 36 36
200 161 36 36
201 161 36 36
202 161 36 36
203 161 36 36
204 161 36 36
205 161 36 36
206 161 36 36
207 161 36 36
208 161 36 36
215 161 36 36
275 161 24 24
276 161 24 24
277 161 24 24
278 161 26 26
279 161 26 26
281 161 26 26
282 161 26 26
283 161 26 26
285 161 26 26
288 161 26 26
171 162 49 49
172 162 49 49
173 162 49 49
174 162 49 49
175 162 49 49
176 162 49 49
177 162 49 49
178 162 49 49
179 162 49 49
180 162 49 49
181 162 49 49
182 162 49 49
183 162 49 49
184 162 49 49
185 162 49 49
186 162 49 49
187 162 49 49
189 162 49 49
190 162 49 49
191 162 36 36
192 162 49 49
193 162 49 49
194 162 49 49
195 162 49 49
196 162 49 49
197 162 49 49
198 162 36 36
199 162 36 36
200 162 36 36
201 162 36 36
202 162 36 36
203 162 36 36
204 162 36 36
205 162 36 36
206 162 36 36
207 162 36 36
208 162 36 36
209 162 36 36
278 162 26 26
280 162 26 26
281 162 26 26
282 162 26 26
283 162 26 26
284 162 26 26
287 162 26 26
168 163 49 49
169 163 49 49
170 163 49 49
171 163 49 49
172 163 49 49
176 163 49 49
177 163 49 49
178 163 49 49
179 163 49 49
180 163 49 49
181 163 49 49
182 163 49 49
183 163 49 49
184 163 49 49
185 163 49 49
186 163 49 49
187 163 49 49
189 163 49 49
190 163 49 49
191 163 49 49
192 163 49 49
193 163 49 49
194 163 49 49
195 163 49 49
196 163 49 49
197 163 49 49
198 163 36 36
199 163 36 36
200 163 36 36
201 163 36 36
202 163 36 36
203 163 36 36
204 163 36 36
205 163 36 36
206 163 36 36
207 163 36 36
209 163 36 36
210 163 36 36
212 163 36 36
213 163 36 36
279 163 26 26
280 163 26 26
281 163 26 26
282 163 26 26
284 163 26 26
286 163 26 26
287 163 26 26
171 164 49 49
172 164 49 49
173 164 49 49
174 164 49 49
175 164 49 49
176 164 49 49
177 164 49 49
178 164 49 49
179 164 49 49
180 164 49 49
181 164 49 49
182 164 49 49
183 164 49 49
184 164 49 49
185 164 49 49
186 164 49 49
187 164 49 49
188 164 49 49
189 164 49 49
190 164 49 49
191 164 49 49
192 164 49 49
193 164 49 49
194 164 36 36
195 164 36 36
196 164 36 36
197 164 36 36
198 164 36 36
199 164 36 36
200 164 36 36
201 164 36 36
202 164 36 36
203 164 36 36
204 164 36 36
205 164 36 36
206 164 36 36
207 164 36 36
210 164 36 36
212 164 36 36
213 164 36 36
280 164 26 26
282 164 26 26
284 164 26 26
286 164 26 26
287 164 26 26
174 165 49 49
175 165 49 49
176 165 49 49
177 165 49 49
178 165 49 49
179 165 49 49
180 165 49 49
181 165 49 49
182 165 49 49
183 165 49 49
184 165 49 49
185 165 49 49
186 165 49 49
187 165 49 49
188 165 49 49
189 165 49 49
190 165 49 49
191 165 49 49
192 165 49 49
193 165 49 49
194 165 36 36
195 165 36 36
196 165 36 36
197 165 36 36
198 165 36 36
199 165 36 36
200 165 36 36
201 165 36 36
202 165 36 36
203 165 36 36
204 165 36 36
205 165 36 36
206 165 36 36
207 165 49 49
210 165 36 36
211 165 36 36
212 165 36 36
284 165 26 26
285 165 26 26
286 165 26 26
184 166 49 49
187 166 49 49
188 166 49 49
189 166 49 49
190 166 49 49
191 166 49 49
193 166 49 49
194 166 49 49
195 166 49 49
196 166 49 49
197 166 49 49
198 166 49 49
199 166 49 49
200 166 49 49
201 166 36 36
202 166 36 36
203 166 36 36
204 166 36 36
205 166 36 36
206 166 36 36
207 166 49 49
211 166 36 36
212 166 36 36
184 167 49 49
187 167 49 49
188 167 49 49
189 167 49 49
190 167 49 49
191 167 49 49
192 167 49 49
193 167 49 49
194 167 49 49
195 167 49 49
196 167 49 49
197 167 49 49
198 167 49 49
200 167 49 49
201 167 36 36
202 167 36 36
203 167 49 49
204 167 49 49
205 167 36 36
206 167 49 49
207 167 49 49
209 167 36 36
210 167 36 36
211 167 36 36
184 168 49 49
185 168 49 49
186 168 49 49
189 168 49 49
190 168 49 49
191 168 49 49
192 168 49 49
193 168 49 49
194 168 49 49
195 168 49 49
196 168 49 49
197 168 49 49
198 168 49 49
200 168 36 36
201 168 36 36
202 168 36 36
203 168 36 36
204 168 49 49
205 168 49 49
206 168 49 49
207 168 49 49
211 168 36 36
184 169 49 49
185 169 49 49
186 169 49 49
187 169 49 49
188 169 49 49
189 169 49 49
190 169 49 49
191 169 49 49
192 169 49 49
193 169 49 49
194 169 49 49
195 169 49 49
196 169 49 49
197 169 49 49
198 169 49 49
199 169 49 49
200 169 49 49
201 169 49 49
202 169 49 49
203 169 36 36
204 169 36 36
205 169 36 36
206 169 49 49
207 169 49 49
184 170 49 49
185 170 49 49
186 170 49 49
187 170 49 49
188 170 49 49
189 170 49 49
190 170 49 49
191 170 49 49
192 170 49 49
193 170 49 49
194 170 49 49
195 170 49 49
196 170 49 49
197 170 49 49
198 170 49 49
199 170 49 49
203 170 49 49
204 170 36 36
205 170 49 49
206 170 49 49
207 170 49 49
188 171 49 49
192 171 49 49
193 171 49 49
194 171 49 49
195 171 49 49
196 171 49 49
197 171 49 49
198 171 49 49
199 171 49 49
201 171 49 49
203 171 49 49
204 171 36 36
205 171 49 49
206 171 49 49
207 171 49 49
188 172 49 49
192 172 49 49
193 172 49 49
194 172 49 49
195 172 49 49
196 172 49 49
197 172 49 49
198 172 49 49
199 172 49 49
200 172 49 49
201 172 49 49
202 172 49 49
203 172 49 49
204 172 49 49
206 172 49 49
207 172 49 49
184 173 49 49
185 173 49 49
186 173 49 49
187 173 49 49
188 173 49 49
189 173 49 49
190 173 49 49
191 173 49 49
192 173 49 49
193 173 49 49
195 173 49 49
196 173 49 49
197 173 49 49
198 173 49 49
199 173 49 49
201 173 49 49
202 173 49 49
203 173 49 49
204 173 49 49
205 173 49 49
206 173 49 49
207 173 49 49
183 174 49 49
184 174 49 49
185 174 49 49
191 174 49 49
197 174 49 49
198 174 49 49
199 174 49 49
201 174 49 49
202 174 49 49
203 174 49 49
204 174 49 49
205 174 49 49
197 175 49 49
198 175 49 49
199 175 49 49
200 175 49 49
201 175 49 49
202 175 49 49
204 175 49 49
205 175 49 49
196 176 49 49
197 176 49 49
198 176 49 49
199 176 49 49
200 176 49 49
202 176 49 49
205 176 49 49
206 176 49 49
279 176 45 45
280 176 45 45
200 177 49 49
203 177 49 49
206 177 49 49
277 177 45 45
278 177 45 45
279 177 45 45
200 178 49 49
201 178 49 49
202 178 49 49
203 178 49 49
204 178 49 49
205 178 49 49
154 210 47 47
155 210 47 47
154 211 47 47
155 211 47 47
156 211 47 47
157 211 47 47
155 212 47 47
156 212 47 47
157 212 47 47
158 212 47 47
153 213 47 47
154 213 47 47
155 213 47 47
156 213 47 47
157 213 47 47
158 213 47 47
23 218 44 44
24 218 44 44
28 218 44 44
24 219 44 44
28 219 44 44
29 219 44 44
30 219 44 44
262 219 33 33
24 220 44 44
25 220 44 44
26 220 44 44
27 220 44 44
28 220 44 44
262 220 33 33
26 221 44 44
27 221 44 44
28 221 44 44
260 221 33 33
261 221 33 33
262 221 33 33
263 221 33 33
264 221 33 33
27 222 44 44
261 222 33 33
262 222 33 33
261 223 33 33
262 223 33 33
279 224 41 41
280 224 41 41
366 224 25 25
367 224 25 25
368 224 25 25
369 224 25 25
370 224 25 25
371 224 25 25
280 225 41 41
281 225 41 41
282 225 41 41
283 225 41 41
284 225 41 41
285 225 41 41
280 226 41 41
281 226 41 41
282 226 41 41
94 227 40 40
279 227 41 41
280 227 41 41
281 227 41 41
282 227 41 41
93 228 40 40
94 228 40 40
95 228 40 40
168 228 34 34
169 228 34 34
279 228 41 41
282 228 41 41
169 229 34 34
170 229 34 34
412 229 42 42
169 230 34 34
170 230 34 34
405 230 42 42
406 230 42 42
407 230 42 42
409 230 42 42
410 230 42 42
411 230 42 42
412 230 42 42
413 230 42 42
416 230 42 42
417 230 42 42
169 231 34 34
170 231 34 34
404 231 42 42
405 231 42 42
406 231 42 42
407 231 42 42
408 231 42 42
409 231 42 42
411 231 42 42
412 231 42 42
413 231 42 42
414 231 42 42
416 231 42 42
417 231 42 42
170 232 34 34
236 232 9 9
411 232 42 42
413 232 42 42
414 232 42 42
416 232 42 42
125 233 17 17
126 233 17 17
169 233 34 34
170 233 34 34
236 233 9 9
410 233 42 42
411 233 42 42
414 233 42 42
415 233 42 42
416 233 42 42
125 234 17 17
126 234 17 17
416 234 42 42
341 235 32 32
342 235 32 32
416 235 42 42
339 236 32 32
340 236 32 32
341 236 32 32
416 236 42 42
340 237 32 32
341 237 32 32
342 237 32 32
416 237 42 42
341 238 32 32
415 238 42 42
416 238 42 42
416 239 42 42
84 249 31 31
257 249 19 19
258 249 19 19
259 249 19 19
84 250 31 31
83 251 31 31
84 251 31 31
116 251 35 35
117 251 35 35
84 252 31 31
116 252 35 35
83 253 31 31
84 253 31 31
116 253 35 35
83 254 31 31
83 255 31 31
293 257 14 14
291 258 14 14
292 258 14 14
293 258 14 14
146 259 8 8
147 259 8 8
148 259 8 8
293 259 14 14
294 259 14 14
148 260 8 8
92 262 6 6
93 262 6 6
94 262 6 6
324 264 37 37
60 265 20 20
324 265 37 37
60 266 20 20
61 266 20 20
216 269 46 46
216 270 46 46
217 270 46 46
28 271 38 38
29 271 38 38
30 271 38 38
61 271 10 10
215 271 46 46
216 271 46 46
30 272 38 38
61 272 10 10
215 272 46 46
30 273 38 38
61 273 10 10
61 274 10 10
62 274 10 10
273 277 29 29
274 277 29 29
274 278 29 29
473 281 48 48
474 281 48 48
89 282 23 23
472 282 48 48
473 282 48 48
29 283 1 1
88 283 23 23
89 283 23 23
472 283 48 48
29 284 1 1
29 285 1 1
349 285 11 11
349 286 11 11
349 287 11 11
350 287 11 11
20 291 2 2
20 292 2 2
20 293 2 2
19 294 2 2
20 294 2 2
307 297 16 16
307 298 16 16
306 299 16 16
307 299 16 16
307 300 16 16
335 302 39 39
336 302 39 39
335 303 39 39
335 304 39 39
370 306 21 21
371 306 21 21
372 306 21 21
372 307 21 21
69 308 43 43
216 308 0 0
217 308 0 0
218 308 0 0
372 308 21 21
68 309 43 43
69 309 43 43
70 309 43 43
217 309 0 0
68 310 43 43
69 310 43 43
70 310 43 43
216 310 0 0
217 310 0 0
13 311 3 3
216 311 0 0
13 312 3 3
166 312 28 28
216 312 0 0
280 312 13 13
281 312 13 13
444 312 22 22
445 312 22 22
13 313 3 3
165 313 28 28
166 313 28 28
281 313 13 13
444 313 22 22
13 314 3 3
165 314 28 28
166 314 28 28
280 314 13 13
281 314 13 13
444 314 22 22
445 314 22 22
122 315 30 30
258 315 15 15
121 316 30 30
122 316 30 30
257 316 15 15
258 316 15 15
121 317 30 30
242 317 12 12
243 317 12 12
257 317 15 15
258 317 15 15
243 318 12 12
257 318 15 15
258 318 15 15
243 319 12 12
