5864 481 321
96 12 8 8
96 13 8 8
104 13 8 8
105 13 8 8
106 13 8 8
96 14 8 8
100 14 8 8
104 14 8 8
96 15 8 8
97 15 8 8
98 15 8 8
99 15 8 8
100 15 8 8
101 15 8 8
102 15 8 8
103 15 8 8
104 15 8 8
107 15 8 8
119 15 8 8
120 15 8 8
121 15 8 8
337 15 16 16
342 15 16 16
96 16 8 8
97 16 8 8
99 16 8 8
100 16 8 8
101 16 8 8
102 16 8 8
103 16 8 8
104 16 8 8
105 16 8 8
106 16 8 8
107 16 8 8
108 16 8 8
110 16 8 8
111 16 8 8
112 16 8 8
113 16 8 8
114 16 8 8
115 16 8 8
120 16 8 8
121 16 8 8
334 16 16 16
335 16 16 16
336 16 16 16
337 16 16 16
338 16 16 16
339 16 16 16
340 16 16 16
341 16 16 16
342 16 16 16
343 16 16 16
344 16 16 16
345 16 16 16
346 16 16 16
347 16 16 16
348 16 16 16
349 16 16 16
350 16 16 16
351 16 16 16
96 17 8 8
97 17 8 8
98 17 8 8
99 17 8 8
101 17 8 8
102 17 8 8
103 17 8 8
104 17 8 8
106 17 8 8
107 17 8 8
108 17 8 8
109 17 8 8
110 17 8 8
111 17 8 8
112 17 8 8
113 17 8 8
114 17 8 8
115 17 8 8
116 17 8 8
117 17 8 8
118 17 8 8
119 17 8 8
120 17 8 8
121 17 8 8
332 17 16 16
333 17 16 16
334 17 16 16
335 17 16 16
336 17 16 16
337 17 16 16
338 17 16 16
339 17 16 16
340 17 16 16
341 17 16 16
342 17 16 16
343 17 16 16
344 17 16 16
345 17 16 16
346 17 16 16
347 17 16 16
348 17 16 16
349 17 16 16
350 17 16 16
351 17 16 16
97 18 8 8
98 18 8 8
102 18 8 8
103 18 8 8
104 18 8 8
105 18 8 8
106 18 8 8
107 18 8 8
108 18 8 8
109 18 8 8
110 18 8 8
111 18 8 8
112 18 8 8
113 18 8 8
114 18 8 8
115 18 8 8
116 18 8 8
117 18 8 8
118 18 8 8
119 18 8 8
120 18 8 8
121 18 8 8
124 18 8 8
125 18 8 8
327 18 16 16
328 18 16 16
329 18 16 16
330 18 16 16
331 18 16 16
332 18 16 16
333 18 16 16
334 18 16 16
335 18 16 16
336 18 16 16
337 18 16 16
338 18 16 16
339 18 16 16
340 18 16 16
341 18 16 16
342 18 16 16
343 18 16 16
344 18 16 16
345 18 16 16
346 18 16 16
347 18 16 16
348 18 16 16
349 18 16 16
350 18 16 16
351 18 16 16
352 18 16 16
353 18 16 16
354 18 16 16
355 18 16 16
356 18 16 16
357 18 16 16
97 19 8 8
98 19 8 8
102 19 8 8
103 19 8 8
104 19 8 8
105 19 8 8
107 19 8 8
108 19 8 8
109 19 8 8
110 19 8 8
112 19 8 8
113 19 8 8
114 19 8 8
115 19 8 8
116 19 8 8
117 19 8 8
118 19 8 8
119 19 8 8
120 19 8 8
121 19 8 8
124 19 8 8
125 19 8 8
126 19 8 8
131 19 8 8
140 19 8 8
141 19 8 8
142 19 8 8
143 19 8 8
326 19 16 16
327 19 16 16
328 19 16 16
329 19 16 16
330 19 16 16
331 19 16 16
332 19 16 16
333 19 16 16
334 19 16 16
335 19 16 16
336 19 16 16
337 19 16 16
338 19 16 16
339 19 16 16
340 19 16 16
341 19 16 16
342 19 16 16
343 19 16 16
344 19 16 16
345 19 16 16
346 19 16 16
347 19 16 16
348 19 16 16
349 19 16 16
350 19 16 16
351 19 16 16
352 19 16 16
353 19 16 16
354 19 16 16
355 19 16 16
356 19 16 16
357 19 16 16
358 19 16 16
359 19 16 16
360 19 16 16
367 19 16 16
97 20 8 8
98 20 8 8
101 20 8 8
102 20 8 8
103 20 8 8
106 20 8 8
107 20 8 8
111 20 8 8
112 20 8 8
113 20 8 8
114 20 8 8
115 20 8 8
116 20 8 8
117 20 8 8
118 20 8 8
119 20 8 8
120 20 8 8
121 20 8 8
122 20 8 8
123 20 8 8
124 20 8 8
125 20 8 8
126 20 8 8
130 20 8 8
131 20 8 8
139 20 8 8
140 20 8 8
141 20 8 8
142 20 8 8
143 20 8 8
323 20 16 16
324 20 16 16
325 20 16 16
326 20 16 16
327 20 16 16
331 20 16 16
332 20 16 16
333 20 16 16
334 20 16 16
335 20 16 16
336 20 16 16
337 20 16 16
338 20 16 16
339 20 16 16
340 20 16 16
341 20 16 16
342 20 16 16
343 20 16 16
344 20 16 16
345 20 16 16
346 20 16 16
347 20 16 16
348 20 16 16
349 20 16 16
350 20 16 16
351 20 16 16
352 20 16 16
353 20 16 16
354 20 16 16
355 20 16 16
356 20 16 16
357 20 16 16
358 20 16 16
359 20 16 16
360 20 16 16
361 20 16 16
362 20 16 16
363 20 16 16
364 20 16 16
365 20 16 16
366 20 16 16
367 20 16 16
368 20 16 16
369 20 16 16
370 20 16 16
97 21 8 8
98 21 8 8
101 21 8 8
102 21 8 8
103 21 8 8
110 21 8 8
111 21 8 8
112 21 8 8
113 21 8 8
114 21 8 8
115 21 8 8
116 21 8 8
117 21 8 8
118 21 8 8
119 21 8 8
120 21 8 8
121 21 8 8
122 21 8 8
123 21 8 8
124 21 8 8
125 21 8 8
126 21 8 8
127 21 8 8
128 21 8 8
129 21 8 8
130 21 8 8
138 21 8 8
139 21 8 8
140 21 8 8
319 21 16 16
320 21 16 16
321 21 16 16
322 21 16 16
323 21 16 16
324 21 16 16
325 21 16 16
326 21 16 16
327 21 16 16
328 21 16 16
329 21 16 16
330 21 16 16
331 21 16 16
332 21 16 16
333 21 16 16
334 21 16 16
335 21 16 16
336 21 16 16
337 21 16 16
338 21 16 16
339 21 16 16
340 21 16 16
341 21 16 16
342 21 16 16
343 21 16 16
344 21 16 16
345 21 16 16
346 21 16 16
347 21 16 16
348 21 16 16
349 21 16 16
350 21 16 16
351 21 16 16
352 21 16 16
353 21 16 16
354 21 16 16
355 21 16 16
357 21 16 16
358 21 16 16
359 21 16 16
360 21 16 16
361 21 16 16
362 21 16 16
363 21 16 16
364 21 16 16
365 21 16 16
366 21 16 16
367 21 16 16
368 21 16 16
369 21 16 16
370 21 16 16
98 22 8 8
102 22 8 8
103 22 8 8
104 22 8 8
105 22 8 8
106 22 8 8
107 22 8 8
108 22 8 8
109 22 8 8
110 22 8 8
111 22 8 8
112 22 8 8
113 22 8 8
114 22 8 8
115 22 8 8
116 22 8 8
117 22 8 8
118 22 8 8
119 22 8 8
121 22 8 8
122 22 8 8
123 22 8 8
124 22 8 8
125 22 8 8
126 22 8 8
127 22 8 8
128 22 8 8
129 22 8 8
130 22 8 8
136 22 8 8
137 22 8 8
138 22 8 8
139 22 8 8
140 22 8 8
141 22 8 8
160 22 8 8
161 22 8 8
162 22 8 8
320 22 16 16
321 22 16 16
322 22 16 16
323 22 16 16
324 22 16 16
325 22 16 16
326 22 16 16
327 22 16 16
328 22 16 16
329 22 16 16
330 22 16 16
331 22 16 16
332 22 16 16
333 22 16 16
334 22 16 16
335 22 16 16
336 22 16 16
337 22 16 16
338 22 16 16
339 22 16 16
340 22 16 16
341 22 16 16
342 22 16 16
343 22 16 16
344 22 16 16
345 22 16 16
346 22 16 16
347 22 16 16
348 22 16 16
349 22 16 16
350 22 16 16
351 22 16 16
352 22 16 16
353 22 16 16
354 22 16 16
355 22 16 16
356 22 16 16
357 22 16 16
358 22 16 16
359 22 16 16
360 22 16 16
361 22 16 16
362 22 16 16
365 22 16 16
366 22 16 16
367 22 16 16
369 22 16 16
372 22 16 16
373 22 16 16
374 22 16 16
375 22 16 16
102 23 8 8
104 23 8 8
108 23 8 8
109 23 8 8
110 23 8 8
112 23 8 8
113 23 8 8
114 23 8 8
115 23 8 8
116 23 8 8
117 23 8 8
122 23 8 8
123 23 8 8
124 23 8 8
125 23 8 8
126 23 8 8
127 23 8 8
128 23 8 8
129 23 8 8
130 23 8 8
131 23 8 8
132 23 8 8
133 23 8 8
134 23 8 8
135 23 8 8
136 23 8 8
137 23 8 8
138 23 8 8
139 23 8 8
140 23 8 8
141 23 8 8
142 23 8 8
143 23 8 8
144 23 8 8
145 23 8 8
146 23 8 8
147 23 8 8
148 23 8 8
149 23 8 8
150 23 8 8
151 23 8 8
152 23 8 8
153 23 8 8
160 23 8 8
161 23 8 8
162 23 8 8
163 23 8 8
164 23 8 8
165 23 8 8
166 23 8 8
167 23 8 8
320 23 16 16
321 23 16 16
322 23 16 16
323 23 16 16
324 23 16 16
325 23 16 16
326 23 16 16
327 23 16 16
328 23 16 16
329 23 16 16
330 23 16 16
331 23 16 16
332 23 16 16
333 23 16 16
334 23 16 16
335 23 16 16
336 23 16 16
337 23 16 16
338 23 16 16
339 23 16 16
340 23 16 16
341 23 16 16
342 23 16 16
343 23 16 16
344 23 16 16
345 23 16 16
346 23 16 16
347 23 16 16
348 23 16 16
349 23 16 16
350 23 16 16
351 23 16 16
353 23 16 16
354 23 16 16
355 23 16 16
356 23 16 16
357 23 16 16
358 23 16 16
359 23 16 16
360 23 16 16
361 23 16 16
362 23 16 16
363 23 16 16
364 23 16 16
365 23 16 16
366 23 16 16
367 23 16 16
368 23 16 16
369 23 16 16
370 23 16 16
371 23 16 16
372 23 16 16
373 23 16 16
375 23 16 16
376 23 16 16
377 23 16 16
378 23 16 16
387 23 16 16
388 23 16 16
111 24 8 8
112 24 8 8
113 24 8 8
116 24 8 8
117 24 8 8
118 24 8 8
119 24 8 8
124 24 8 8
125 24 8 8
126 24 8 8
127 24 8 8
128 24 8 8
129 24 8 8
130 24 8 8
131 24 8 8
132 24 8 8
134 24 8 8
135 24 8 8
136 24 8 8
137 24 8 8
138 24 8 8
139 24 8 8
140 24 8 8
141 24 8 8
142 24 8 8
143 24 8 8
144 24 8 8
145 24 8 8
146 24 8 8
147 24 8 8
148 24 8 8
149 24 8 8
150 24 8 8
151 24 8 8
152 24 8 8
153 24 8 8
154 24 8 8
155 24 8 8
156 24 8 8
157 24 8 8
158 24 8 8
159 24 8 8
160 24 8 8
161 24 8 8
162 24 8 8
163 24 8 8
164 24 8 8
165 24 8 8
166 24 8 8
167 24 8 8
184 24 8 8
185 24 8 8
186 24 8 8
191 24 8 8
192 24 8 8
193 24 8 8
194 24 8 8
195 24 8 8
204 24 8 8
205 24 8 8
216 24 8 8
244 24 8 8
245 24 8 8
270 24 8 8
271 24 8 8
289 24 8 8
320 24 16 16
321 24 16 16
322 24 16 16
323 24 16 16
324 24 16 16
325 24 16 16
326 24 16 16
327 24 16 16
329 24 16 16
330 24 16 16
331 24 16 16
332 24 16 16
333 24 16 16
334 24 16 16
335 24 16 16
336 24 16 16
337 24 16 16
338 24 16 16
339 24 16 16
340 24 16 16
341 24 16 16
342 24 16 16
343 24 16 16
344 24 16 16
345 24 16 16
346 24 16 16
347 24 16 16
348 24 16 16
349 24 16 16
350 24 16 16
351 24 16 16
352 24 16 16
353 24 16 16
354 24 16 16
355 24 16 16
356 24 16 16
357 24 16 16
358 24 16 16
359 24 16 16
360 24 16 16
361 24 16 16
362 24 16 16
363 24 16 16
364 24 16 16
365 24 16 16
366 24 16 16
367 24 16 16
368 24 16 16
369 24 16 16
370 24 16 16
371 24 16 16
372 24 16 16
373 24 16 16
374 24 16 16
375 24 16 16
376 24 16 16
377 24 16 16
378 24 16 16
379 24 16 16
380 24 16 16
381 24 16 16
382 24 16 16
384 24 16 16
385 24 16 16
386 24 16 16
387 24 16 16
388 24 16 16
398 24 16 16
399 24 16 16
400 24 16 16
401 24 16 16
402 24 16 16
403 24 16 16
404 24 16 16
405 24 16 16
113 25 8 8
117 25 8 8
118 25 8 8
119 25 8 8
123 25 8 8
124 25 8 8
125 25 8 8
126 25 8 8
127 25 8 8
128 25 8 8
129 25 8 8
130 25 8 8
131 25 8 8
132 25 8 8
133 25 8 8
134 25 8 8
135 25 8 8
136 25 8 8
137 25 8 8
138 25 8 8
139 25 8 8
140 25 8 8
141 25 8 8
142 25 8 8
143 25 8 8
144 25 8 8
145 25 8 8
146 25 8 8
147 25 8 8
148 25 8 8
149 25 8 8
150 25 8 8
151 25 8 8
152 25 8 8
153 25 8 8
154 25 8 8
155 25 8 8
156 25 8 8
157 25 8 8
158 25 8 8
159 25 8 8
160 25 8 8
161 25 8 8
162 25 8 8
163 25 8 8
164 25 8 8
165 25 8 8
166 25 8 8
167 25 8 8
168 25 8 8
169 25 8 8
170 25 8 8
171 25 8 8
172 25 8 8
173 25 8 8
174 25 8 8
175 25 8 8
176 25 8 8
177 25 8 8
178 25 8 8
179 25 8 8
180 25 8 8
181 25 8 8
182 25 8 8
183 25 8 8
184 25 8 8
185 25 8 8
186 25 8 8
187 25 8 8
190 25 8 8
191 25 8 8
192 25 8 8
193 25 8 8
194 25 8 8
195 25 8 8
196 25 8 8
197 25 8 8
201 25 8 8
202 25 8 8
203 25 8 8
204 25 8 8
205 25 8 8
206 25 8 8
207 25 8 8
216 25 8 8
217 25 8 8
226 25 8 8
227 25 8 8
232 25 8 8
233 25 8 8
234 25 8 8
235 25 8 8
236 25 8 8
237 25 8 8
238 25 8 8
239 25 8 8
242 25 8 8
243 25 8 8
244 25 8 8
245 25 8 8
246 25 8 8
251 25 8 8
252 25 8 8
264 25 8 8
270 25 8 8
271 25 8 8
275 25 8 8
276 25 8 8
288 25 8 8
289 25 8 8
290 25 8 8
320 25 16 16
321 25 16 16
322 25 16 16
323 25 16 16
324 25 16 16
325 25 16 16
326 25 16 16
327 25 16 16
328 25 16 16
329 25 16 16
330 25 16 16
331 25 16 16
332 25 16 16
333 25 16 16
334 25 16 16
335 25 16 16
336 25 16 16
337 25 16 16
338 25 16 16
339 25 16 16
340 25 16 16
341 25 16 16
342 25 16 16
343 25 16 16
344 25 16 16
345 25 16 16
346 25 16 16
347 25 16 16
348 25 16 16
349 25 16 16
350 25 16 16
351 25 16 16
352 25 16 16
353 25 16 16
354 25 16 16
355 25 16 16
356 25 16 16
357 25 16 16
358 25 16 16
359 25 16 16
360 25 16 16
361 25 16 16
362 25 16 16
363 25 16 16
364 25 16 16
365 25 16 16
366 25 16 16
367 25 16 16
368 25 16 16
369 25 16 16
370 25 16 16
371 25 16 16
372 25 16 16
373 25 16 16
374 25 16 16
375 25 16 16
376 25 16 16
377 25 16 16
378 25 16 16
379 25 16 16
380 25 16 16
381 25 16 16
382 25 16 16
383 25 16 16
384 25 16 16
385 25 16 16
386 25 16 16
387 25 16 16
388 25 16 16
389 25 16 16
399 25 16 16
400 25 16 16
401 25 16 16
402 25 16 16
403 25 16 16
404 25 16 16
405 25 16 16
406 25 16 16
410 25 16 16
411 25 16 16
412 25 16 16
117 26 8 8
118 26 8 8
119 26 8 8
122 26 8 8
123 26 8 8
124 26 8 8
125 26 8 8
126 26 8 8
127 26 8 8
128 26 8 8
129 26 8 8
132 26 8 8
133 26 8 8
134 26 8 8
136 26 8 8
140 26 8 8
142 26 8 8
143 26 8 8
144 26 8 8
145 26 8 8
146 26 8 8
147 26 8 8
148 26 8 8
149 26 8 8
150 26 8 8
151 26 8 8
152 26 8 8
153 26 8 8
154 26 8 8
155 26 8 8
156 26 8 8
157 26 8 8
158 26 8 8
159 26 8 8
160 26 8 8
161 26 8 8
162 26 8 8
163 26 8 8
164 26 8 8
165 26 8 8
166 26 8 8
167 26 8 8
168 26 8 8
169 26 8 8
170 26 8 8
171 26 8 8
172 26 8 8
173 26 8 8
174 26 8 8
175 26 8 8
176 26 8 8
177 26 8 8
178 26 8 8
179 26 8 8
180 26 8 8
181 26 8 8
182 26 8 8
183 26 8 8
184 26 8 8
185 26 8 8
186 26 8 8
187 26 8 8
190 26 8 8
191 26 8 8
192 26 8 8
193 26 8 8
194 26 8 8
195 26 8 8
196 26 8 8
197 26 8 8
198 26 8 8
199 26 8 8
200 26 8 8
201 26 8 8
202 26 8 8
203 26 8 8
204 26 8 8
205 26 8 8
206 26 8 8
207 26 8 8
208 26 8 8
209 26 8 8
210 26 8 8
211 26 8 8
212 26 8 8
213 26 8 8
214 26 8 8
215 26 8 8
216 26 8 8
217 26 8 8
218 26 8 8
225 26 8 8
226 26 8 8
227 26 8 8
231 26 8 8
232 26 8 8
233 26 8 8
234 26 8 8
235 26 8 8
236 26 8 8
237 26 8 8
238 26 8 8
239 26 8 8
241 26 8 8
242 26 8 8
243 26 8 8
244 26 8 8
245 26 8 8
246 26 8 8
247 26 8 8
249 26 8 8
250 26 8 8
251 26 8 8
252 26 8 8
253 26 8 8
256 26 8 8
257 26 8 8
258 26 8 8
259 26 8 8
260 26 8 8
261 26 8 8
264 26 8 8
265 26 8 8
266 26 8 8
267 26 8 8
268 26 8 8
269 26 8 8
270 26 8 8
271 26 8 8
273 26 8 8
274 26 8 8
275 26 8 8
276 26 8 8
277 26 8 8
278 26 8 8
279 26 8 8
284 26 8 8
285 26 8 8
286 26 8 8
287 26 8 8
288 26 8 8
289 26 8 8
290 26 8 8
314 26 16 16
315 26 16 16
316 26 16 16
317 26 16 16
318 26 16 16
319 26 16 16
320 26 16 16
321 26 16 16
322 26 16 16
323 26 16 16
324 26 16 16
325 26 16 16
326 26 16 16
327 26 16 16
328 26 16 16
329 26 16 16
330 26 16 16
331 26 16 16
332 26 16 16
333 26 16 16
334 26 16 16
335 26 16 16
336 26 16 16
337 26 16 16
338 26 16 16
339 26 16 16
340 26 16 16
341 26 16 16
342 26 16 16
343 26 16 16
344 26 16 16
345 26 16 16
346 26 16 16
347 26 16 16
348 26 16 16
349 26 16 16
350 26 16 16
351 26 16 16
352 26 16 16
353 26 16 16
354 26 16 16
355 26 16 16
356 26 16 16
357 26 16 16
358 26 16 16
359 26 16 16
360 26 16 16
361 26 16 16
362 26 16 16
363 26 16 16
364 26 16 16
365 26 16 16
366 26 16 16
367 26 16 16
368 26 16 16
369 26 16 16
370 26 16 16
371 26 16 16
372 26 16 16
373 26 16 16
374 26 16 16
375 26 16 16
376 26 16 16
377 26 16 16
378 26 16 16
379 26 16 16
380 26 16 16
381 26 16 16
382 26 16 16
383 26 16 16
384 26 16 16
385 26 16 16
386 26 16 16
387 26 16 16
388 26 16 16
389 26 16 16
390 26 16 16
391 26 16 16
392 26 16 16
393 26 16 16
394 26 16 16
395 26 16 16
396 26 16 16
397 26 16 16
398 26 16 16
400 26 16 16
401 26 16 16
402 26 16 16
403 26 16 16
404 26 16 16
405 26 16 16
406 26 16 16
407 26 16 16
408 26 16 16
409 26 16 16
410 26 16 16
411 26 16 16
412 26 16 16
413 26 16 16
414 26 16 16
415 26 16 16
416 26 16 16
417 26 16 16
122 27 8 8
123 27 8 8
124 27 8 8
125 27 8 8
126 27 8 8
127 27 8 8
128 27 8 8
129 27 8 8
132 27 8 8
133 27 8 8
136 27 8 8
140 27 8 8
144 27 8 8
145 27 8 8
146 27 8 8
147 27 8 8
148 27 8 8
149 27 8 8
150 27 8 8
151 27 8 8
152 27 8 8
153 27 8 8
154 27 8 8
155 27 8 8
156 27 8 8
157 27 8 8
158 27 8 8
159 27 8 8
160 27 8 8
161 27 8 8
162 27 8 8
163 27 8 8
164 27 8 8
165 27 8 8
166 27 8 8
167 27 8 8
168 27 8 8
169 27 8 8
170 27 8 8
171 27 8 8
172 27 8 8
173 27 8 8
174 27 8 8
175 27 8 8
176 27 8 8
177 27 8 8
178 27 8 8
179 27 8 8
180 27 8 8
181 27 8 8
182 27 8 8
183 27 8 8
184 27 8 8
185 27 8 8
186 27 8 8
187 27 8 8
188 27 8 8
189 27 8 8
190 27 8 8
191 27 8 8
192 27 8 8
193 27 8 8
194 27 8 8
195 27 8 8
196 27 8 8
197 27 8 8
198 27 8 8
199 27 8 8
200 27 8 8
201 27 8 8
202 27 8 8
203 27 8 8
204 27 8 8
205 27 8 8
206 27 8 8
207 27 8 8
208 27 8 8
209 27 8 8
210 27 8 8
211 27 8 8
212 27 8 8
213 27 8 8
214 27 8 8
215 27 8 8
216 27 8 8
217 27 8 8
218 27 8 8
219 27 8 8
220 27 8 8
221 27 8 8
224 27 8 8
225 27 8 8
226 27 8 8
227 27 8 8
230 27 8 8
231 27 8 8
241 27 8 8
242 27 8 8
243 27 8 8
244 27 8 8
246 27 8 8
247 27 8 8
248 27 8 8
249 27 8 8
250 27 8 8
251 27 8 8
252 27 8 8
253 27 8 8
256 27 8 8
257 27 8 8
258 27 8 8
259 27 8 8
260 27 8 8
261 27 8 8
262 27 8 8
264 27 8 8
265 27 8 8
266 27 8 8
267 27 8 8
268 27 8 8
269 27 8 8
270 27 8 8
271 27 8 8
272 27 8 8
273 27 8 8
274 27 8 8
275 27 8 8
276 27 8 8
277 27 8 8
278 27 8 8
279 27 8 8
280 27 8 8
281 27 8 8
282 27 8 8
283 27 8 8
284 27 8 8
285 27 8 8
286 27 8 8
287 27 8 8
288 27 8 8
289 27 8 8
290 27 8 8
314 27 16 16
315 27 16 16
316 27 16 16
317 27 16 16
318 27 16 16
319 27 16 16
320 27 16 16
321 27 16 16
322 27 16 16
323 27 16 16
324 27 16 16
325 27 16 16
326 27 16 16
327 27 16 16
328 27 16 16
329 27 16 16
330 27 16 16
331 27 16 16
332 27 16 16
333 27 16 16
334 27 16 16
335 27 16 16
336 27 16 16
337 27 16 16
338 27 16 16
339 27 16 16
340 27 16 16
341 27 16 16
342 27 16 16
343 27 16 16
344 27 16 16
345 27 16 16
346 27 16 16
347 27 16 16
348 27 16 16
349 27 16 16
350 27 16 16
351 27 16 16
352 27 16 16
353 27 16 16
354 27 16 16
355 27 16 16
356 27 16 16
357 27 16 16
358 27 16 16
359 27 16 16
360 27 16 16
361 27 16 16
362 27 16 16
363 27 16 16
364 27 16 16
365 27 16 16
366 27 16 16
367 27 16 16
368 27 16 16
369 27 16 16
370 27 16 16
371 27 16 16
372 27 16 16
373 27 16 16
374 27 16 16
375 27 16 16
376 27 16 16
377 27 16 16
378 27 16 16
379 27 16 16
380 27 16 16
381 27 16 16
382 27 16 16
383 27 16 16
385 27 16 16
386 27 16 16
387 27 16 16
388 27 16 16
389 27 16 16
390 27 16 16
391 27 16 16
392 27 16 16
393 27 16 16
394 27 16 16
395 27 16 16
396 27 16 16
397 27 16 16
398 27 16 16
399 27 16 16
400 27 16 16
401 27 16 16
402 27 16 16
403 27 16 16
404 27 16 16
405 27 16 16
406 27 16 16
407 27 16 16
408 27 16 16
409 27 16 16
410 27 16 16
411 27 16 16
412 27 16 16
413 27 16 16
414 27 16 16
415 27 16 16
416 27 16 16
417 27 16 16
418 27 16 16
419 27 16 16
420 27 16 16
421 27 16 16
422 27 16 16
123 28 8 8
124 28 8 8
125 28 8 8
126 28 8 8
127 28 8 8
128 28 8 8
129 28 8 8
131 28 8 8
132 28 8 8
133 28 8 8
134 28 8 8
139 28 8 8
140 28 8 8
141 28 8 8
144 28 8 8
145 28 8 8
146 28 8 8
147 28 8 8
148 28 8 8
149 28 8 8
150 28 8 8
151 28 8 8
152 28 8 8
153 28 8 8
154 28 8 8
155 28 8 8
156 28 8 8
157 28 8 8
158 28 8 8
159 28 8 8
160 28 8 8
161 28 8 8
162 28 8 8
163 28 8 8
164 28 8 8
165 28 8 8
166 28 8 8
167 28 8 8
168 28 8 8
169 28 8 8
170 28 8 8
171 28 8 8
172 28 8 8
173 28 8 8
174 28 8 8
175 28 8 8
176 28 8 8
177 28 8 8
178 28 8 8
179 28 8 8
180 28 8 8
181 28 8 8
182 28 8 8
183 28 8 8
184 28 8 8
185 28 8 8
186 28 8 8
187 28 8 8
188 28 8 8
189 28 8 8
190 28 8 8
191 28 8 8
192 28 8 8
193 28 8 8
194 28 8 8
195 28 8 8
197 28 8 8
198 28 8 8
199 28 8 8
200 28 8 8
201 28 8 8
202 28 8 8
203 28 8 8
204 28 8 8
205 28 8 8
206 28 8 8
207 28 8 8
208 28 8 8
209 28 8 8
210 28 8 8
211 28 8 8
212 28 8 8
213 28 8 8
214 28 8 8
215 28 8 8
216 28 8 8
221 28 8 8
222 28 8 8
223 28 8 8
224 28 8 8
225 28 8 8
226 28 8 8
227 28 8 8
230 28 8 8
231 28 8 8
232 28 8 8
233 28 8 8
234 28 8 8
237 28 8 8
238 28 8 8
239 28 8 8
241 28 8 8
242 28 8 8
243 28 8 8
247 28 8 8
248 28 8 8
249 28 8 8
250 28 8 8
251 28 8 8
252 28 8 8
253 28 8 8
254 28 8 8
255 28 8 8
256 28 8 8
257 28 8 8
258 28 8 8
259 28 8 8
260 28 8 8
261 28 8 8
262 28 8 8
265 28 8 8
266 28 8 8
267 28 8 8
268 28 8 8
269 28 8 8
270 28 8 8
272 28 8 8
273 28 8 8
274 28 8 8
279 28 8 8
280 28 8 8
281 28 8 8
282 28 8 8
283 28 8 8
284 28 8 8
285 28 8 8
286 28 8 8
287 28 8 8
288 28 8 8
289 28 8 8
292 28 8 8
293 28 8 8
313 28 16 16
314 28 16 16
315 28 16 16
316 28 16 16
317 28 16 16
318 28 16 16
319 28 16 16
320 28 16 16
321 28 16 16
322 28 16 16
323 28 16 16
324 28 16 16
325 28 16 16
326 28 16 16
327 28 16 16
328 28 16 16
329 28 16 16
330 28 16 16
331 28 16 16
332 28 16 16
333 28 16 16
334 28 16 16
335 28 16 16
336 28 16 16
337 28 16 16
338 28 16 16
339 28 16 16
340 28 16 16
341 28 16 16
342 28 16 16
343 28 16 16
344 28 16 16
345 28 16 16
346 28 16 16
347 28 16 16
348 28 16 16
349 28 16 16
350 28 16 16
351 28 16 16
352 28 16 16
353 28 16 16
354 28 16 16
355 28 16 16
356 28 16 16
357 28 16 16
358 28 16 16
359 28 16 16
360 28 16 16
361 28 16 16
362 28 16 16
363 28 16 16
364 28 16 16
365 28 16 16
366 28 16 16
367 28 16 16
368 28 16 16
369 28 16 16
370 28 16 16
371 28 16 16
372 28 16 16
373 28 16 16
374 28 16 16
375 28 16 16
376 28 16 16
377 28 16 16
378 28 16 16
379 28 16 16
380 28 16 16
381 28 16 16
382 28 16 16
383 28 16 16
386 28 16 16
387 28 16 16
388 28 16 16
389 28 16 16
390 28 16 16
391 28 16 16
393 28 16 16
394 28 16 16
395 28 16 16
396 28 16 16
397 28 16 16
398 28 16 16
399 28 16 16
400 28 16 16
401 28 16 16
402 28 16 16
403 28 16 16
404 28 16 16
405 28 16 16
406 28 16 16
407 28 16 16
409 28 16 16
410 28 16 16
411 28 16 16
412 28 16 16
413 28 16 16
414 28 16 16
415 28 16 16
416 28 16 16
417 28 16 16
420 28 16 16
421 28 16 16
422 28 16 16
423 28 16 16
424 28 16 16
428 28 16 16
429 28 16 16
126 29 8 8
127 29 8 8
128 29 8 8
129 29 8 8
131 29 8 8
132 29 8 8
133 29 8 8
134 29 8 8
139 29 8 8
140 29 8 8
141 29 8 8
144 29 8 8
145 29 8 8
149 29 8 8
150 29 8 8
151 29 8 8
152 29 8 8
153 29 8 8
154 29 8 8
155 29 8 8
156 29 8 8
157 29 8 8
158 29 8 8
159 29 8 8
160 29 8 8
161 29 8 8
162 29 8 8
163 29 8 8
164 29 8 8
165 29 8 8
166 29 8 8
167 29 8 8
168 29 8 8
169 29 8 8
170 29 8 8
171 29 8 8
172 29 8 8
173 29 8 8
174 29 8 8
175 29 8 8
176 29 8 8
177 29 8 8
178 29 8 8
179 29 8 8
180 29 8 8
181 29 8 8
182 29 8 8
183 29 8 8
184 29 8 8
185 29 8 8
188 29 8 8
189 29 8 8
190 29 8 8
191 29 8 8
192 29 8 8
193 29 8 8
194 29 8 8
198 29 8 8
199 29 8 8
200 29 8 8
201 29 8 8
202 29 8 8
203 29 8 8
204 29 8 8
205 29 8 8
206 29 8 8
207 29 8 8
211 29 8 8
212 29 8 8
213 29 8 8
214 29 8 8
215 29 8 8
224 29 8 8
225 29 8 8
226 29 8 8
227 29 8 8
230 29 8 8
231 29 8 8
232 29 8 8
233 29 8 8
234 29 8 8
235 29 8 8
236 29 8 8
237 29 8 8
238 29 8 8
239 29 8 8
240 29 8 8
241 29 8 8
242 29 8 8
243 29 8 8
244 29 8 8
245 29 8 8
246 29 8 8
247 29 8 8
248 29 8 8
249 29 8 8
250 29 8 8
254 29 8 8
255 29 8 8
256 29 8 8
257 29 8 8
258 29 8 8
259 29 8 8
260 29 8 8
261 29 8 8
262 29 8 8
263 29 8 8
264 29 8 8
265 29 8 8
266 29 8 8
267 29 8 8
268 29 8 8
269 29 8 8
270 29 8 8
272 29 8 8
273 29 8 8
274 29 8 8
280 29 8 8
281 29 8 8
282 29 8 8
283 29 8 8
287 29 8 8
288 29 8 8
292 29 8 8
293 29 8 8
294 29 8 8
295 29 8 8
312 29 16 16
313 29 16 16
314 29 16 16
315 29 16 16
316 29 16 16
317 29 16 16
318 29 16 16
319 29 16 16
320 29 16 16
321 29 16 16
322 29 16 16
323 29 16 16
324 29 16 16
325 29 16 16
326 29 16 16
327 29 16 16
328 29 16 16
329 29 16 16
330 29 16 16
331 29 16 16
332 29 16 16
333 29 16 16
334 29 16 16
335 29 16 16
336 29 16 16
337 29 16 16
338 29 16 16
339 29 16 16
340 29 16 16
341 29 16 16
342 29 16 16
343 29 16 16
344 29 16 16
345 29 16 16
346 29 16 16
347 29 16 16
348 29 16 16
349 29 16 16
350 29 16 16
351 29 16 16
352 29 16 16
353 29 16 16
354 29 16 16
355 29 16 16
356 29 16 16
357 29 16 16
358 29 16 16
359 29 16 16
360 29 16 16
361 29 16 16
362 29 16 16
363 29 16 16
364 29 16 16
365 29 16 16
366 29 16 16
367 29 16 16
368 29 16 16
369 29 16 16
370 29 16 16
371 29 16 16
372 29 16 16
373 29 16 16
374 29 16 16
375 29 16 16
376 29 16 16
377 29 16 16
378 29 16 16
379 29 16 16
380 29 16 16
381 29 16 16
382 29 16 16
383 29 16 16
386 29 16 16
387 29 16 16
388 29 16 16
389 29 16 16
390 29 16 16
391 29 16 16
394 29 16 16
395 29 16 16
396 29 16 16
397 29 16 16
398 29 16 16
399 29 16 16
400 29 16 16
401 29 16 16
402 29 16 16
403 29 16 16
404 29 16 16
405 29 16 16
406 29 16 16
407 29 16 16
408 29 16 16
409 29 16 16
410 29 16 16
411 29 16 16
412 29 16 16
413 29 16 16
414 29 16 16
415 29 16 16
421 29 16 16
422 29 16 16
424 29 16 16
425 29 16 16
426 29 16 16
427 29 16 16
428 29 16 16
429 29 16 16
430 29 16 16
431 29 16 16
126 30 8 8
127 30 8 8
128 30 8 8
129 30 8 8
131 30 8 8
132 30 8 8
133 30 8 8
134 30 8 8
135 30 8 8
136 30 8 8
140 30 8 8
141 30 8 8
142 30 8 8
143 30 8 8
149 30 8 8
150 30 8 8
151 30 8 8
152 30 8 8
153 30 8 8
154 30 8 8
155 30 8 8
156 30 8 8
157 30 8 8
158 30 8 8
159 30 8 8
160 30 8 8
161 30 8 8
162 30 8 8
163 30 8 8
164 30 8 8
165 30 8 8
166 30 8 8
167 30 8 8
168 30 8 8
169 30 8 8
170 30 8 8
171 30 8 8
172 30 8 8
173 30 8 8
174 30 8 8
175 30 8 8
176 30 8 8
177 30 8 8
178 30 8 8
179 30 8 8
180 30 8 8
181 30 8 8
182 30 8 8
183 30 8 8
184 30 8 8
185 30 8 8
187 30 8 8
188 30 8 8
189 30 8 8
190 30 8 8
191 30 8 8
192 30 8 8
193 30 8 8
194 30 8 8
195 30 8 8
197 30 8 8
198 30 8 8
199 30 8 8
200 30 8 8
201 30 8 8
202 30 8 8
203 30 8 8
204 30 8 8
205 30 8 8
206 30 8 8
207 30 8 8
209 30 8 8
210 30 8 8
211 30 8 8
212 30 8 8
213 30 8 8
214 30 8 8
215 30 8 8
217 30 8 8
218 30 8 8
219 30 8 8
220 30 8 8
221 30 8 8
222 30 8 8
225 30 8 8
226 30 8 8
227 30 8 8
228 30 8 8
229 30 8 8
230 30 8 8
231 30 8 8
232 30 8 8
233 30 8 8
238 30 8 8
239 30 8 8
240 30 8 8
241 30 8 8
242 30 8 8
243 30 8 8
244 30 8 8
245 30 8 8
246 30 8 8
247 30 8 8
248 30 8 8
249 30 8 8
250 30 8 8
251 30 8 8
252 30 8 8
253 30 8 8
254 30 8 8
255 30 8 8
256 30 8 8
257 30 8 8
258 30 8 8
259 30 8 8
260 30 8 8
261 30 8 8
262 30 8 8
263 30 8 8
264 30 8 8
265 30 8 8
266 30 8 8
267 30 8 8
268 30 8 8
269 30 8 8
270 30 8 8
271 30 8 8
272 30 8 8
273 30 8 8
274 30 8 8
275 30 8 8
276 30 8 8
280 30 8 8
281 30 8 8
282 30 8 8
283 30 8 8
284 30 8 8
285 30 8 8
286 30 8 8
287 30 8 8
292 30 8 8
312 30 16 16
313 30 16 16
314 30 16 16
315 30 16 16
316 30 16 16
317 30 16 16
318 30 16 16
319 30 16 16
320 30 16 16
321 30 16 16
322 30 16 16
323 30 16 16
324 30 16 16
325 30 16 16
326 30 16 16
327 30 16 16
328 30 16 16
329 30 16 16
330 30 16 16
331 30 16 16
332 30 16 16
333 30 16 16
334 30 16 16
335 30 16 16
338 30 16 16
339 30 16 16
340 30 16 16
341 30 16 16
342 30 16 16
343 30 16 16
344 30 16 16
345 30 16 16
346 30 16 16
347 30 16 16
348 30 16 16
349 30 16 16
352 30 16 16
353 30 16 16
354 30 16 16
355 30 16 16
356 30 16 16
357 30 16 16
358 30 16 16
359 30 16 16
360 30 16 16
361 30 16 16
362 30 16 16
363 30 16 16
364 30 16 16
365 30 16 16
366 30 16 16
367 30 16 16
368 30 16 16
369 30 16 16
370 30 16 16
371 30 16 16
372 30 16 16
373 30 16 16
374 30 16 16
375 30 16 16
376 30 16 16
377 30 16 16
378 30 16 16
379 30 16 16
380 30 16 16
381 30 16 16
382 30 16 16
383 30 16 16
384 30 16 16
385 30 16 16
386 30 16 16
387 30 16 16
388 30 16 16
389 30 16 16
390 30 16 16
391 30 16 16
393 30 16 16
394 30 16 16
395 30 16 16
396 30 16 16
397 30 16 16
398 30 16 16
399 30 16 16
400 30 16 16
401 30 16 16
402 30 16 16
403 30 16 16
404 30 16 16
405 30 16 16
406 30 16 16
407 30 16 16
408 30 16 16
409 30 16 16
410 30 16 16
411 30 16 16
412 30 16 16
413 30 16 16
414 30 16 16
415 30 16 16
416 30 16 16
421 30 16 16
422 30 16 16
424 30 16 16
425 30 16 16
426 30 16 16
427 30 16 16
428 30 16 16
430 30 16 16
431 30 16 16
126 31 8 8
127 31 8 8
128 31 8 8
132 31 8 8
133 31 8 8
134 31 8 8
135 31 8 8
142 31 8 8
149 31 8 8
150 31 8 8
151 31 8 8
152 31 8 8
153 31 8 8
154 31 8 8
155 31 8 8
156 31 8 8
157 31 8 8
158 31 8 8
159 31 8 8
160 31 8 8
161 31 8 8
162 31 8 8
163 31 8 8
164 31 8 8
165 31 8 8
166 31 8 8
167 31 8 8
168 31 8 8
169 31 8 8
170 31 8 8
171 31 8 8
172 31 8 8
173 31 8 8
174 31 8 8
175 31 8 8
176 31 8 8
177 31 8 8
178 31 8 8
179 31 8 8
180 31 8 8
181 31 8 8
182 31 8 8
183 31 8 8
184 31 8 8
185 31 8 8
187 31 8 8
188 31 8 8
189 31 8 8
190 31 8 8
191 31 8 8
192 31 8 8
193 31 8 8
194 31 8 8
195 31 8 8
196 31 8 8
197 31 8 8
198 31 8 8
199 31 8 8
200 31 8 8
201 31 8 8
202 31 8 8
203 31 8 8
206 31 8 8
207 31 8 8
208 31 8 8
209 31 8 8
210 31 8 8
211 31 8 8
212 31 8 8
213 31 8 8
214 31 8 8
215 31 8 8
216 31 8 8
217 31 8 8
218 31 8 8
219 31 8 8
220 31 8 8
221 31 8 8
222 31 8 8
223 31 8 8
225 31 8 8
226 31 8 8
227 31 8 8
228 31 8 8
229 31 8 8
230 31 8 8
231 31 8 8
232 31 8 8
233 31 8 8
234 31 8 8
235 31 8 8
236 31 8 8
237 31 8 8
238 31 8 8
239 31 8 8
240 31 8 8
241 31 8 8
242 31 8 8
243 31 8 8
244 31 8 8
245 31 8 8
246 31 8 8
248 31 8 8
249 31 8 8
250 31 8 8
251 31 8 8
252 31 8 8
253 31 8 8
254 31 8 8
255 31 8 8
256 31 8 8
257 31 8 8
258 31 8 8
259 31 8 8
260 31 8 8
261 31 8 8
262 31 8 8
263 31 8 8
264 31 8 8
265 31 8 8
266 31 8 8
267 31 8 8
268 31 8 8
269 31 8 8
270 31 8 8
271 31 8 8
272 31 8 8
273 31 8 8
274 31 8 8
275 31 8 8
276 31 8 8
277 31 8 8
278 31 8 8
280 31 8 8
281 31 8 8
282 31 8 8
283 31 8 8
284 31 8 8
285 31 8 8
286 31 8 8
287 31 8 8
288 31 8 8
289 31 8 8
290 31 8 8
291 31 8 8
292 31 8 8
310 31 16 16
311 31 16 16
312 31 16 16
313 31 16 16
314 31 16 16
315 31 16 16
316 31 16 16
317 31 16 16
318 31 16 16
319 31 16 16
320 31 16 16
321 31 16 16
322 31 16 16
323 31 16 16
324 31 16 16
325 31 16 16
326 31 16 16
327 31 16 16
329 31 16 16
330 31 16 16
331 31 16 16
332 31 16 16
333 31 16 16
334 31 16 16
339 31 16 16
340 31 16 16
341 31 16 16
342 31 16 16
343 31 16 16
344 31 16 16
345 31 16 16
346 31 16 16
347 31 16 16
348 31 16 16
352 31 16 16
353 31 16 16
354 31 16 16
355 31 16 16
356 31 16 16
357 31 16 16
358 31 16 16
359 31 16 16
360 31 16 16
361 31 16 16
362 31 16 16
363 31 16 16
364 31 16 16
365 31 16 16
366 31 16 16
367 31 16 16
368 31 16 16
369 31 16 16
370 31 16 16
371 31 16 16
372 31 16 16
373 31 16 16
374 31 16 16
375 31 16 16
376 31 16 16
377 31 16 16
378 31 16 16
379 31 16 16
380 31 16 16
381 31 16 16
382 31 16 16
383 31 16 16
384 31 16 16
385 31 16 16
386 31 16 16
387 31 16 16
388 31 16 16
389 31 16 16
390 31 16 16
391 31 16 16
392 31 16 16
393 31 16 16
394 31 16 16
395 31 16 16
396 31 16 16
397 31 16 16
398 31 16 16
399 31 16 16
400 31 16 16
401 31 16 16
402 31 16 16
403 31 16 16
404 31 16 16
405 31 16 16
406 31 16 16
407 31 16 16
408 31 16 16
409 31 16 16
410 31 16 16
411 31 16 16
412 31 16 16
413 31 16 16
414 31 16 16
415 31 16 16
416 31 16 16
417 31 16 16
418 31 16 16
419 31 16 16
420 31 16 16
421 31 16 16
422 31 16 16
423 31 16 16
424 31 16 16
425 31 16 16
426 31 16 16
427 31 16 16
428 31 16 16
429 31 16 16
430 31 16 16
431 31 16 16
432 31 16 16
433 31 16 16
446 31 16 16
128 32 8 8
129 32 8 8
130 32 8 8
131 32 8 8
132 32 8 8
144 32 8 8
145 32 8 8
146 32 8 8
147 32 8 8
148 32 8 8
149 32 8 8
150 32 8 8
151 32 8 8
152 32 8 8
153 32 8 8
154 32 8 8
155 32 8 8
156 32 8 8
158 32 8 8
159 32 8 8
160 32 8 8
161 32 8 8
162 32 8 8
163 32 8 8
164 32 8 8
165 32 8 8
166 32 8 8
167 32 8 8
168 32 8 8
169 32 8 8
170 32 8 8
171 32 8 8
172 32 8 8
173 32 8 8
174 32 8 8
175 32 8 8
176 32 8 8
177 32 8 8
178 32 8 8
179 32 8 8
180 32 8 8
181 32 8 8
182 32 8 8
183 32 8 8
184 32 8 8
185 32 8 8
186 32 8 8
187 32 8 8
191 32 8 8
192 32 8 8
193 32 8 8
194 32 8 8
195 32 8 8
196 32 8 8
197 32 8 8
198 32 8 8
199 32 8 8
200 32 8 8
201 32 8 8
202 32 8 8
203 32 8 8
204 32 8 8
205 32 8 8
208 32 8 8
209 32 8 8
210 32 8 8
211 32 8 8
212 32 8 8
216 32 8 8
217 32 8 8
218 32 8 8
219 32 8 8
220 32 8 8
221 32 8 8
222 32 8 8
223 32 8 8
224 32 8 8
225 32 8 8
226 32 8 8
227 32 8 8
228 32 8 8
229 32 8 8
230 32 8 8
231 32 8 8
234 32 8 8
235 32 8 8
236 32 8 8
237 32 8 8
238 32 8 8
239 32 8 8
243 32 8 8
245 32 8 8
248 32 8 8
249 32 8 8
250 32 8 8
252 32 8 8
258 32 8 8
260 32 8 8
261 32 8 8
263 32 8 8
264 32 8 8
266 32 8 8
268 32 8 8
269 32 8 8
271 32 8 8
272 32 8 8
276 32 8 8
279 32 8 8
281 32 8 8
286 32 8 8
287 32 8 8
311 32 16 16
313 32 16 16
314 32 16 16
315 32 16 16
319 32 16 16
320 32 16 16
321 32 16 16
322 32 16 16
323 32 16 16
324 32 16 16
325 32 16 16
326 32 16 16
327 32 16 16
334 32 16 16
336 32 16 16
337 32 16 16
338 32 16 16
339 32 16 16
340 32 16 16
341 32 16 16
342 32 16 16
343 32 16 16
344 32 16 16
345 32 16 16
346 32 16 16
347 32 16 16
348 32 16 16
349 32 16 16
350 32 16 16
351 32 16 16
352 32 16 16
353 32 16 16
354 32 16 16
355 32 16 16
356 32 16 16
357 32 16 16
358 32 16 16
359 32 16 16
360 32 16 16
361 32 16 16
362 32 16 16
363 32 16 16
364 32 16 16
365 32 16 16
366 32 16 16
367 32 16 16
368 32 16 16
372 32 16 16
373 32 16 16
374 32 16 16
377 32 16 16
378 32 16 16
379 32 16 16
382 32 16 16
384 32 16 16
385 32 16 16
386 32 16 16
387 32 16 16
388 32 16 16
389 32 16 16
390 32 16 16
391 32 16 16
392 32 16 16
393 32 16 16
394 32 16 16
395 32 16 16
396 32 16 16
397 32 16 16
398 32 16 16
399 32 16 16
400 32 16 16
401 32 16 16
402 32 16 16
403 32 16 16
404 32 16 16
405 32 16 16
406 32 16 16
407 32 16 16
408 32 16 16
409 32 16 16
410 32 16 16
411 32 16 16
412 32 16 16
413 32 16 16
414 32 16 16
415 32 16 16
416 32 16 16
417 32 16 16
418 32 16 16
419 32 16 16
420 32 16 16
421 32 16 16
422 32 16 16
432 32 16 16
433 32 16 16
437 32 16 16
438 32 16 16
439 32 16 16
440 32 16 16
441 32 16 16
442 32 16 16
443 32 16 16
446 32 16 16
447 32 16 16
450 32 16 16
451 32 16 16
452 32 16 16
456 32 16 16
143 33 8 8
144 33 8 8
145 33 8 8
146 33 8 8
147 33 8 8
148 33 8 8
149 33 8 8
150 33 8 8
151 33 8 8
152 33 8 8
153 33 8 8
155 33 8 8
156 33 8 8
157 33 8 8
158 33 8 8
159 33 8 8
160 33 8 8
161 33 8 8
162 33 8 8
163 33 8 8
164 33 8 8
165 33 8 8
166 33 8 8
167 33 8 8
168 33 8 8
169 33 8 8
170 33 8 8
171 33 8 8
172 33 8 8
173 33 8 8
174 33 8 8
175 33 8 8
176 33 8 8
177 33 8 8
178 33 8 8
179 33 8 8
180 33 8 8
181 33 8 8
182 33 8 8
183 33 8 8
184 33 8 8
185 33 8 8
186 33 8 8
187 33 8 8
188 33 8 8
192 33 8 8
193 33 8 8
194 33 8 8
195 33 8 8
196 33 8 8
197 33 8 8
198 33 8 8
199 33 8 8
200 33 8 8
201 33 8 8
202 33 8 8
203 33 8 8
204 33 8 8
205 33 8 8
206 33 8 8
208 33 8 8
209 33 8 8
210 33 8 8
211 33 8 8
212 33 8 8
213 33 8 8
214 33 8 8
215 33 8 8
216 33 8 8
217 33 8 8
218 33 8 8
219 33 8 8
220 33 8 8
221 33 8 8
222 33 8 8
223 33 8 8
224 33 8 8
225 33 8 8
226 33 8 8
227 33 8 8
228 33 8 8
229 33 8 8
230 33 8 8
231 33 8 8
234 33 8 8
235 33 8 8
236 33 8 8
237 33 8 8
238 33 8 8
239 33 8 8
240 33 8 8
241 33 8 8
242 33 8 8
249 33 8 8
252 33 8 8
261 33 8 8
264 33 8 8
279 33 8 8
280 33 8 8
281 33 8 8
282 33 8 8
283 33 8 8
284 33 8 8
285 33 8 8
310 33 16 16
311 33 16 16
315 33 16 16
316 33 16 16
317 33 16 16
318 33 16 16
320 33 16 16
321 33 16 16
322 33 16 16
323 33 16 16
324 33 16 16
325 33 16 16
326 33 16 16
327 33 16 16
328 33 16 16
329 33 16 16
330 33 16 16
331 33 16 16
332 33 16 16
333 33 16 16
334 33 16 16
336 33 16 16
337 33 16 16
338 33 16 16
339 33 16 16
340 33 16 16
341 33 16 16
342 33 16 16
343 33 16 16
344 33 16 16
345 33 16 16
346 33 16 16
347 33 16 16
348 33 16 16
349 33 16 16
350 33 16 16
351 33 16 16
352 33 16 16
353 33 16 16
354 33 16 16
355 33 16 16
356 33 16 16
357 33 16 16
358 33 16 16
359 33 16 16
360 33 16 16
361 33 16 16
362 33 16 16
363 33 16 16
364 33 16 16
365 33 16 16
366 33 16 16
367 33 16 16
368 33 16 16
372 33 16 16
373 33 16 16
374 33 16 16
378 33 16 16
379 33 16 16
382 33 16 16
383 33 16 16
384 33 16 16
385 33 16 16
386 33 16 16
387 33 16 16
388 33 16 16
389 33 16 16
390 33 16 16
391 33 16 16
392 33 16 16
393 33 16 16
394 33 16 16
395 33 16 16
396 33 16 16
397 33 16 16
398 33 16 16
399 33 16 16
400 33 16 16
401 33 16 16
402 33 16 16
403 33 16 16
404 33 16 16
405 33 16 16
406 33 16 16
407 33 16 16
408 33 16 16
409 33 16 16
410 33 16 16
411 33 16 16
412 33 16 16
413 33 16 16
414 33 16 16
415 33 16 16
416 33 16 16
417 33 16 16
418 33 16 16
419 33 16 16
420 33 16 16
421 33 16 16
424 33 16 16
432 33 16 16
433 33 16 16
434 33 16 16
436 33 16 16
437 33 16 16
438 33 16 16
439 33 16 16
440 33 16 16
441 33 16 16
442 33 16 16
443 33 16 16
444 33 16 16
445 33 16 16
446 33 16 16
447 33 16 16
448 33 16 16
449 33 16 16
450 33 16 16
451 33 16 16
452 33 16 16
456 33 16 16
457 33 16 16
142 34 8 8
143 34 8 8
144 34 8 8
145 34 8 8
146 34 8 8
147 34 8 8
148 34 8 8
149 34 8 8
150 34 8 8
151 34 8 8
152 34 8 8
156 34 8 8
157 34 8 8
158 34 8 8
159 34 8 8
160 34 8 8
161 34 8 8
162 34 8 8
166 34 8 8
167 34 8 8
168 34 8 8
169 34 8 8
170 34 8 8
171 34 8 8
172 34 8 8
173 34 8 8
174 34 8 8
175 34 8 8
176 34 8 8
177 34 8 8
178 34 8 8
179 34 8 8
180 34 8 8
181 34 8 8
182 34 8 8
183 34 8 8
184 34 8 8
185 34 8 8
186 34 8 8
187 34 8 8
188 34 8 8
189 34 8 8
192 34 8 8
193 34 8 8
194 34 8 8
195 34 8 8
196 34 8 8
197 34 8 8
198 34 8 8
199 34 8 8
200 34 8 8
201 34 8 8
202 34 8 8
203 34 8 8
204 34 8 8
205 34 8 8
206 34 8 8
207 34 8 8
208 34 8 8
209 34 8 8
210 34 8 8
211 34 8 8
212 34 8 8
213 34 8 8
214 34 8 8
215 34 8 8
216 34 8 8
217 34 8 8
218 34 8 8
219 34 8 8
220 34 8 8
221 34 8 8
222 34 8 8
223 34 8 8
224 34 8 8
225 34 8 8
226 34 8 8
227 34 8 8
228 34 8 8
229 34 8 8
230 34 8 8
231 34 8 8
232 34 8 8
233 34 8 8
234 34 8 8
235 34 8 8
236 34 8 8
237 34 8 8
238 34 8 8
239 34 8 8
240 34 8 8
241 34 8 8
247 34 8 8
249 34 8 8
251 34 8 8
252 34 8 8
310 34 16 16
317 34 16 16
320 34 16 16
321 34 16 16
322 34 16 16
323 34 16 16
324 34 16 16
325 34 16 16
326 34 16 16
327 34 16 16
328 34 16 16
329 34 16 16
339 34 16 16
340 34 16 16
341 34 16 16
342 34 16 16
343 34 16 16
344 34 16 16
345 34 16 16
346 34 16 16
347 34 16 16
348 34 16 16
349 34 16 16
350 34 16 16
351 34 16 16
352 34 16 16
353 34 16 16
354 34 16 16
355 34 16 16
356 34 16 16
357 34 16 16
358 34 16 16
359 34 16 16
360 34 16 16
361 34 16 16
362 34 16 16
363 34 16 16
364 34 16 16
365 34 16 16
366 34 16 16
367 34 16 16
369 34 16 16
370 34 16 16
371 34 16 16
372 34 16 16
373 34 16 16
374 34 16 16
377 34 16 16
378 34 16 16
379 34 16 16
382 34 16 16
383 34 16 16
384 34 16 16
385 34 16 16
386 34 16 16
387 34 16 16
388 34 16 16
389 34 16 16
390 34 16 16
391 34 16 16
392 34 16 16
393 34 16 16
394 34 16 16
395 34 16 16
396 34 16 16
397 34 16 16
398 34 16 16
399 34 16 16
400 34 16 16
401 34 16 16
402 34 16 16
403 34 16 16
404 34 16 16
405 34 16 16
406 34 16 16
407 34 16 16
408 34 16 16
409 34 16 16
410 34 16 16
411 34 16 16
412 34 16 16
413 34 16 16
414 34 16 16
415 34 16 16
416 34 16 16
417 34 16 16
418 34 16 16
419 34 16 16
420 34 16 16
421 34 16 16
424 34 16 16
429 34 16 16
432 34 16 16
433 34 16 16
434 34 16 16
435 34 16 16
436 34 16 16
437 34 16 16
438 34 16 16
439 34 16 16
441 34 16 16
442 34 16 16
443 34 16 16
444 34 16 16
445 34 16 16
446 34 16 16
447 34 16 16
450 34 16 16
451 34 16 16
452 34 16 16
453 34 16 16
454 34 16 16
455 34 16 16
456 34 16 16
141 35 8 8
142 35 8 8
143 35 8 8
152 35 8 8
155 35 8 8
156 35 8 8
157 35 8 8
158 35 8 8
159 35 8 8
160 35 8 8
161 35 8 8
162 35 8 8
166 35 8 8
167 35 8 8
168 35 8 8
169 35 8 8
170 35 8 8
171 35 8 8
172 35 8 8
173 35 8 8
174 35 8 8
175 35 8 8
176 35 8 8
177 35 8 8
178 35 8 8
179 35 8 8
180 35 8 8
181 35 8 8
182 35 8 8
183 35 8 8
184 35 8 8
185 35 8 8
186 35 8 8
187 35 8 8
188 35 8 8
189 35 8 8
190 35 8 8
191 35 8 8
192 35 8 8
193 35 8 8
194 35 8 8
195 35 8 8
196 35 8 8
197 35 8 8
198 35 8 8
199 35 8 8
200 35 8 8
201 35 8 8
202 35 8 8
203 35 8 8
204 35 8 8
205 35 8 8
206 35 8 8
207 35 8 8
208 35 8 8
209 35 8 8
210 35 8 8
211 35 8 8
212 35 8 8
213 35 8 8
214 35 8 8
215 35 8 8
216 35 8 8
217 35 8 8
218 35 8 8
219 35 8 8
220 35 8 8
221 35 8 8
222 35 8 8
223 35 8 8
224 35 8 8
225 35 8 8
226 35 8 8
227 35 8 8
228 35 8 8
229 35 8 8
230 35 8 8
232 35 8 8
233 35 8 8
234 35 8 8
235 35 8 8
236 35 8 8
237 35 8 8
238 35 8 8
241 35 8 8
247 35 8 8
248 35 8 8
249 35 8 8
251 35 8 8
310 35 16 16
311 35 16 16
318 35 16 16
319 35 16 16
320 35 16 16
321 35 16 16
322 35 16 16
323 35 16 16
324 35 16 16
325 35 16 16
326 35 16 16
327 35 16 16
339 35 16 16
340 35 16 16
341 35 16 16
342 35 16 16
343 35 16 16
344 35 16 16
345 35 16 16
346 35 16 16
347 35 16 16
348 35 16 16
349 35 16 16
350 35 16 16
351 35 16 16
352 35 16 16
353 35 16 16
354 35 16 16
355 35 16 16
356 35 16 16
357 35 16 16
358 35 16 16
359 35 16 16
364 35 16 16
365 35 16 16
366 35 16 16
367 35 16 16
370 35 16 16
371 35 16 16
372 35 16 16
377 35 16 16
378 35 16 16
379 35 16 16
382 35 16 16
383 35 16 16
384 35 16 16
385 35 16 16
386 35 16 16
387 35 16 16
388 35 16 16
389 35 16 16
390 35 16 16
391 35 16 16
397 35 16 16
398 35 16 16
399 35 16 16
400 35 16 16
401 35 16 16
402 35 16 16
403 35 16 16
404 35 16 16
405 35 16 16
406 35 16 16
407 35 16 16
408 35 16 16
409 35 16 16
410 35 16 16
411 35 16 16
412 35 16 16
413 35 16 16
414 35 16 16
415 35 16 16
416 35 16 16
417 35 16 16
418 35 16 16
419 35 16 16
420 35 16 16
421 35 16 16
424 35 16 16
425 35 16 16
427 35 16 16
428 35 16 16
429 35 16 16
430 35 16 16
432 35 16 16
433 35 16 16
434 35 16 16
435 35 16 16
436 35 16 16
437 35 16 16
438 35 16 16
439 35 16 16
442 35 16 16
443 35 16 16
444 35 16 16
445 35 16 16
446 35 16 16
447 35 16 16
448 35 16 16
449 35 16 16
450 35 16 16
451 35 16 16
452 35 16 16
453 35 16 16
454 35 16 16
455 35 16 16
140 36 8 8
141 36 8 8
142 36 8 8
143 36 8 8
152 36 8 8
153 36 8 8
154 36 8 8
155 36 8 8
156 36 8 8
157 36 8 8
158 36 8 8
159 36 8 8
160 36 8 8
161 36 8 8
162 36 8 8
163 36 8 8
166 36 8 8
167 36 8 8
168 36 8 8
169 36 8 8
170 36 8 8
171 36 8 8
172 36 8 8
173 36 8 8
174 36 8 8
175 36 8 8
176 36 8 8
177 36 8 8
178 36 8 8
179 36 8 8
180 36 8 8
181 36 8 8
182 36 8 8
183 36 8 8
184 36 8 8
185 36 8 8
186 36 8 8
187 36 8 8
188 36 8 8
189 36 8 8
190 36 8 8
191 36 8 8
192 36 8 8
193 36 8 8
194 36 8 8
195 36 8 8
196 36 8 8
197 36 8 8
198 36 8 8
199 36 8 8
200 36 8 8
201 36 8 8
202 36 8 8
203 36 8 8
204 36 8 8
205 36 8 8
206 36 8 8
207 36 8 8
208 36 8 8
209 36 8 8
210 36 8 8
211 36 8 8
212 36 8 8
213 36 8 8
214 36 8 8
215 36 8 8
216 36 8 8
217 36 8 8
218 36 8 8
219 36 8 8
220 36 8 8
221 36 8 8
222 36 8 8
223 36 8 8
224 36 8 8
225 36 8 8
226 36 8 8
227 36 8 8
228 36 8 8
229 36 8 8
230 36 8 8
231 36 8 8
232 36 8 8
233 36 8 8
234 36 8 8
235 36 8 8
236 36 8 8
237 36 8 8
238 36 8 8
247 36 8 8
251 36 8 8
320 36 16 16
321 36 16 16
322 36 16 16
323 36 16 16
324 36 16 16
325 36 16 16
326 36 16 16
327 36 16 16
328 36 16 16
329 36 16 16
330 36 16 16
331 36 16 16
332 36 16 16
333 36 16 16
334 36 16 16
335 36 16 16
336 36 16 16
337 36 16 16
338 36 16 16
339 36 16 16
340 36 16 16
341 36 16 16
342 36 16 16
343 36 16 16
344 36 16 16
345 36 16 16
346 36 16 16
347 36 16 16
348 36 16 16
349 36 16 16
350 36 16 16
351 36 16 16
352 36 16 16
353 36 16 16
354 36 16 16
355 36 16 16
356 36 16 16
357 36 16 16
370 36 16 16
371 36 16 16
372 36 16 16
376 36 16 16
377 36 16 16
378 36 16 16
379 36 16 16
380 36 16 16
381 36 16 16
382 36 16 16
383 36 16 16
384 36 16 16
385 36 16 16
386 36 16 16
387 36 16 16
388 36 16 16
398 36 16 16
399 36 16 16
400 36 16 16
401 36 16 16
402 36 16 16
403 36 16 16
404 36 16 16
405 36 16 16
406 36 16 16
407 36 16 16
408 36 16 16
409 36 16 16
410 36 16 16
411 36 16 16
412 36 16 16
413 36 16 16
414 36 16 16
415 36 16 16
416 36 16 16
417 36 16 16
418 36 16 16
419 36 16 16
420 36 16 16
421 36 16 16
422 36 16 16
423 36 16 16
424 36 16 16
425 36 16 16
426 36 16 16
427 36 16 16
428 36 16 16
429 36 16 16
430 36 16 16
433 36 16 16
434 36 16 16
435 36 16 16
436 36 16 16
437 36 16 16
438 36 16 16
439 36 16 16
444 36 16 16
445 36 16 16
446 36 16 16
447 36 16 16
448 36 16 16
449 36 16 16
450 36 16 16
451 36 16 16
452 36 16 16
453 36 16 16
454 36 16 16
455 36 16 16
456 36 16 16
140 37 8 8
141 37 8 8
142 37 8 8
143 37 8 8
152 37 8 8
153 37 8 8
154 37 8 8
155 37 8 8
156 37 8 8
157 37 8 8
158 37 8 8
159 37 8 8
160 37 8 8
161 37 8 8
162 37 8 8
163 37 8 8
164 37 8 8
165 37 8 8
166 37 8 8
167 37 8 8
168 37 8 8
169 37 8 8
170 37 8 8
171 37 8 8
172 37 8 8
173 37 8 8
174 37 8 8
175 37 8 8
176 37 8 8
177 37 8 8
178 37 8 8
179 37 8 8
180 37 8 8
181 37 8 8
182 37 8 8
183 37 8 8
184 37 8 8
185 37 8 8
186 37 8 8
187 37 8 8
188 37 8 8
189 37 8 8
190 37 8 8
191 37 8 8
192 37 8 8
193 37 8 8
194 37 8 8
195 37 8 8
196 37 8 8
197 37 8 8
198 37 8 8
199 37 8 8
200 37 8 8
201 37 8 8
202 37 8 8
203 37 8 8
204 37 8 8
205 37 8 8
206 37 8 8
207 37 8 8
208 37 8 8
209 37 8 8
210 37 8 8
211 37 8 8
212 37 8 8
213 37 8 8
214 37 8 8
215 37 8 8
216 37 8 8
217 37 8 8
218 37 8 8
219 37 8 8
220 37 8 8
221 37 8 8
222 37 8 8
223 37 8 8
224 37 8 8
225 37 8 8
226 37 8 8
227 37 8 8
228 37 8 8
229 37 8 8
230 37 8 8
231 37 8 8
232 37 8 8
233 37 8 8
235 37 8 8
236 37 8 8
237 37 8 8
238 37 8 8
320 37 16 16
321 37 16 16
322 37 16 16
323 37 16 16
324 37 16 16
325 37 16 16
326 37 16 16
327 37 16 16
328 37 16 16
329 37 16 16
330 37 16 16
331 37 16 16
332 37 16 16
333 37 16 16
334 37 16 16
335 37 16 16
336 37 16 16
337 37 16 16
338 37 16 16
339 37 16 16
340 37 16 16
341 37 16 16
342 37 16 16
343 37 16 16
344 37 16 16
345 37 16 16
346 37 16 16
347 37 16 16
348 37 16 16
349 37 16 16
350 37 16 16
351 37 16 16
352 37 16 16
353 37 16 16
354 37 16 16
355 37 16 16
356 37 16 16
357 37 16 16
370 37 16 16
371 37 16 16
376 37 16 16
377 37 16 16
378 37 16 16
379 37 16 16
380 37 16 16
381 37 16 16
382 37 16 16
383 37 16 16
384 37 16 16
385 37 16 16
386 37 16 16
387 37 16 16
388 37 16 16
392 37 16 16
400 37 16 16
401 37 16 16
402 37 16 16
403 37 16 16
404 37 16 16
405 37 16 16
406 37 16 16
407 37 16 16
408 37 16 16
409 37 16 16
410 37 16 16
411 37 16 16
412 37 16 16
413 37 16 16
414 37 16 16
415 37 16 16
416 37 16 16
417 37 16 16
418 37 16 16
419 37 16 16
420 37 16 16
421 37 16 16
422 37 16 16
423 37 16 16
424 37 16 16
425 37 16 16
426 37 16 16
427 37 16 16
428 37 16 16
429 37 16 16
433 37 16 16
434 37 16 16
435 37 16 16
436 37 16 16
437 37 16 16
438 37 16 16
439 37 16 16
444 37 16 16
445 37 16 16
446 37 16 16
447 37 16 16
448 37 16 16
449 37 16 16
450 37 16 16
451 37 16 16
452 37 16 16
453 37 16 16
454 37 16 16
455 37 16 16
456 37 16 16
457 37 16 16
140 38 8 8
141 38 8 8
142 38 8 8
143 38 8 8
152 38 8 8
153 38 8 8
154 38 8 8
155 38 8 8
159 38 8 8
160 38 8 8
161 38 8 8
162 38 8 8
163 38 8 8
164 38 8 8
165 38 8 8
166 38 8 8
167 38 8 8
168 38 8 8
169 38 8 8
170 38 8 8
171 38 8 8
172 38 8 8
173 38 8 8
174 38 8 8
175 38 8 8
176 38 8 8
177 38 8 8
178 38 8 8
179 38 8 8
180 38 8 8
181 38 8 8
182 38 8 8
183 38 8 8
184 38 8 8
185 38 8 8
186 38 8 8
187 38 8 8
188 38 8 8
189 38 8 8
190 38 8 8
191 38 8 8
192 38 8 8
193 38 8 8
194 38 8 8
195 38 8 8
196 38 8 8
197 38 8 8
198 38 8 8
199 38 8 8
200 38 8 8
201 38 8 8
202 38 8 8
203 38 8 8
204 38 8 8
205 38 8 8
206 38 8 8
207 38 8 8
208 38 8 8
209 38 8 8
210 38 8 8
211 38 8 8
212 38 8 8
213 38 8 8
214 38 8 8
215 38 8 8
216 38 8 8
217 38 8 8
218 38 8 8
219 38 8 8
220 38 8 8
221 38 8 8
222 38 8 8
223 38 8 8
224 38 8 8
225 38 8 8
226 38 8 8
227 38 8 8
228 38 8 8
229 38 8 8
230 38 8 8
231 38 8 8
232 38 8 8
233 38 8 8
237 38 8 8
238 38 8 8
239 38 8 8
322 38 16 16
323 38 16 16
324 38 16 16
325 38 16 16
326 38 16 16
327 38 16 16
329 38 16 16
330 38 16 16
331 38 16 16
332 38 16 16
333 38 16 16
334 38 16 16
335 38 16 16
336 38 16 16
337 38 16 16
338 38 16 16
339 38 16 16
340 38 16 16
341 38 16 16
342 38 16 16
343 38 16 16
344 38 16 16
345 38 16 16
346 38 16 16
347 38 16 16
348 38 16 16
349 38 16 16
350 38 16 16
351 38 16 16
352 38 16 16
353 38 16 16
354 38 16 16
355 38 16 16
356 38 16 16
357 38 16 16
358 38 16 16
366 38 16 16
367 38 16 16
369 38 16 16
370 38 16 16
371 38 16 16
375 38 16 16
376 38 16 16
377 38 16 16
378 38 16 16
379 38 16 16
380 38 16 16
381 38 16 16
382 38 16 16
383 38 16 16
384 38 16 16
385 38 16 16
386 38 16 16
387 38 16 16
388 38 16 16
389 38 16 16
390 38 16 16
391 38 16 16
392 38 16 16
393 38 16 16
394 38 16 16
395 38 16 16
400 38 16 16
401 38 16 16
402 38 16 16
403 38 16 16
404 38 16 16
405 38 16 16
406 38 16 16
407 38 16 16
408 38 16 16
409 38 16 16
410 38 16 16
411 38 16 16
412 38 16 16
413 38 16 16
414 38 16 16
415 38 16 16
416 38 16 16
417 38 16 16
418 38 16 16
419 38 16 16
420 38 16 16
421 38 16 16
422 38 16 16
423 38 16 16
424 38 16 16
425 38 16 16
426 38 16 16
427 38 16 16
428 38 16 16
429 38 16 16
432 38 16 16
433 38 16 16
434 38 16 16
436 38 16 16
437 38 16 16
438 38 16 16
439 38 16 16
444 38 16 16
445 38 16 16
446 38 16 16
447 38 16 16
452 38 16 16
453 38 16 16
454 38 16 16
455 38 16 16
456 38 16 16
473 38 16 16
474 38 16 16
475 38 16 16
476 38 16 16
477 38 16 16
478 38 16 16
479 38 16 16
480 38 16 16
152 39 8 8
153 39 8 8
154 39 8 8
155 39 8 8
160 39 8 8
161 39 8 8
162 39 8 8
163 39 8 8
164 39 8 8
165 39 8 8
166 39 8 8
167 39 8 8
168 39 8 8
169 39 8 8
170 39 8 8
171 39 8 8
172 39 8 8
173 39 8 8
174 39 8 8
175 39 8 8
176 39 8 8
177 39 8 8
178 39 8 8
179 39 8 8
180 39 8 8
181 39 8 8
182 39 8 8
183 39 8 8
184 39 8 8
185 39 8 8
186 39 8 8
187 39 8 8
188 39 8 8
189 39 8 8
190 39 8 8
191 39 8 8
192 39 8 8
193 39 8 8
194 39 8 8
195 39 8 8
196 39 8 8
197 39 8 8
198 39 8 8
199 39 8 8
200 39 8 8
201 39 8 8
202 39 8 8
203 39 8 8
204 39 8 8
205 39 8 8
206 39 8 8
207 39 8 8
208 39 8 8
209 39 8 8
210 39 8 8
211 39 8 8
212 39 8 8
213 39 8 8
214 39 8 8
215 39 8 8
216 39 8 8
217 39 8 8
218 39 8 8
219 39 8 8
220 39 8 8
221 39 8 8
222 39 8 8
223 39 8 8
224 39 8 8
225 39 8 8
226 39 8 8
227 39 8 8
228 39 8 8
229 39 8 8
230 39 8 8
231 39 8 8
232 39 8 8
233 39 8 8
236 39 8 8
237 39 8 8
326 39 16 16
328 39 16 16
329 39 16 16
330 39 16 16
337 39 16 16
339 39 16 16
340 39 16 16
341 39 16 16
345 39 16 16
346 39 16 16
347 39 16 16
348 39 16 16
349 39 16 16
350 39 16 16
351 39 16 16
352 39 16 16
353 39 16 16
354 39 16 16
355 39 16 16
356 39 16 16
357 39 16 16
358 39 16 16
364 39 16 16
365 39 16 16
366 39 16 16
367 39 16 16
368 39 16 16
369 39 16 16
370 39 16 16
373 39 16 16
374 39 16 16
375 39 16 16
376 39 16 16
378 39 16 16
379 39 16 16
380 39 16 16
381 39 16 16
382 39 16 16
383 39 16 16
384 39 16 16
385 39 16 16
386 39 16 16
387 39 16 16
388 39 16 16
389 39 16 16
390 39 16 16
391 39 16 16
392 39 16 16
393 39 16 16
394 39 16 16
395 39 16 16
396 39 16 16
397 39 16 16
400 39 16 16
401 39 16 16
402 39 16 16
403 39 16 16
404 39 16 16
405 39 16 16
406 39 16 16
407 39 16 16
408 39 16 16
409 39 16 16
410 39 16 16
411 39 16 16
412 39 16 16
413 39 16 16
414 39 16 16
415 39 16 16
416 39 16 16
417 39 16 16
418 39 16 16
422 39 16 16
423 39 16 16
424 39 16 16
425 39 16 16
426 39 16 16
427 39 16 16
428 39 16 16
429 39 16 16
432 39 16 16
433 39 16 16
437 39 16 16
438 39 16 16
439 39 16 16
444 39 16 16
445 39 16 16
446 39 16 16
447 39 16 16
452 39 16 16
453 39 16 16
454 39 16 16
455 39 16 16
456 39 16 16
469 39 16 16
470 39 16 16
471 39 16 16
472 39 16 16
473 39 16 16
474 39 16 16
475 39 16 16
476 39 16 16
477 39 16 16
478 39 16 16
479 39 16 16
480 39 16 16
152 40 8 8
153 40 8 8
154 40 8 8
155 40 8 8
156 40 8 8
160 40 8 8
161 40 8 8
162 40 8 8
163 40 8 8
166 40 8 8
170 40 8 8
171 40 8 8
172 40 8 8
173 40 8 8
174 40 8 8
177 40 8 8
178 40 8 8
179 40 8 8
180 40 8 8
181 40 8 8
182 40 8 8
183 40 8 8
184 40 8 8
185 40 8 8
186 40 8 8
187 40 8 8
188 40 8 8
189 40 8 8
190 40 8 8
191 40 8 8
192 40 8 8
193 40 8 8
194 40 8 8
195 40 8 8
196 40 8 8
197 40 8 8
198 40 8 8
199 40 8 8
200 40 8 8
201 40 8 8
202 40 8 8
203 40 8 8
204 40 8 8
205 40 8 8
206 40 8 8
207 40 8 8
208 40 8 8
209 40 8 8
211 40 8 8
212 40 8 8
213 40 8 8
214 40 8 8
215 40 8 8
216 40 8 8
217 40 8 8
218 40 8 8
219 40 8 8
220 40 8 8
221 40 8 8
222 40 8 8
223 40 8 8
227 40 8 8
228 40 8 8
230 40 8 8
232 40 8 8
336 40 16 16
337 40 16 16
340 40 16 16
349 40 16 16
350 40 16 16
351 40 16 16
352 40 16 16
353 40 16 16
354 40 16 16
355 40 16 16
356 40 16 16
357 40 16 16
358 40 16 16
359 40 16 16
360 40 16 16
361 40 16 16
362 40 16 16
363 40 16 16
364 40 16 16
365 40 16 16
366 40 16 16
367 40 16 16
368 40 16 16
372 40 16 16
373 40 16 16
374 40 16 16
375 40 16 16
376 40 16 16
377 40 16 16
380 40 16 16
381 40 16 16
382 40 16 16
383 40 16 16
384 40 16 16
385 40 16 16
386 40 16 16
387 40 16 16
388 40 16 16
389 40 16 16
390 40 16 16
391 40 16 16
392 40 16 16
393 40 16 16
394 40 16 16
395 40 16 16
396 40 16 16
397 40 16 16
398 40 16 16
399 40 16 16
400 40 16 16
401 40 16 16
402 40 16 16
403 40 16 16
404 40 16 16
405 40 16 16
411 40 16 16
412 40 16 16
413 40 16 16
414 40 16 16
415 40 16 16
416 40 16 16
417 40 16 16
418 40 16 16
419 40 16 16
420 40 16 16
421 40 16 16
424 40 16 16
425 40 16 16
426 40 16 16
427 40 16 16
428 40 16 16
438 40 16 16
439 40 16 16
440 40 16 16
441 40 16 16
442 40 16 16
443 40 16 16
444 40 16 16
445 40 16 16
446 40 16 16
447 40 16 16
450 40 16 16
451 40 16 16
452 40 16 16
453 40 16 16
454 40 16 16
455 40 16 16
462 40 16 16
463 40 16 16
464 40 16 16
465 40 16 16
466 40 16 16
467 40 16 16
468 40 16 16
469 40 16 16
470 40 16 16
471 40 16 16
472 40 16 16
473 40 16 16
474 40 16 16
475 40 16 16
476 40 16 16
477 40 16 16
478 40 16 16
479 40 16 16
480 40 16 16
152 41 8 8
153 41 8 8
154 41 8 8
155 41 8 8
156 41 8 8
157 41 8 8
158 41 8 8
159 41 8 8
160 41 8 8
161 41 8 8
162 41 8 8
163 41 8 8
164 41 8 8
165 41 8 8
168 41 8 8
169 41 8 8
170 41 8 8
171 41 8 8
172 41 8 8
173 41 8 8
174 41 8 8
175 41 8 8
176 41 8 8
177 41 8 8
178 41 8 8
179 41 8 8
180 41 8 8
181 41 8 8
182 41 8 8
183 41 8 8
184 41 8 8
185 41 8 8
186 41 8 8
187 41 8 8
188 41 8 8
189 41 8 8
190 41 8 8
191 41 8 8
192 41 8 8
193 41 8 8
194 41 8 8
195 41 8 8
196 41 8 8
197 41 8 8
198 41 8 8
199 41 8 8
200 41 8 8
201 41 8 8
202 41 8 8
203 41 8 8
204 41 8 8
205 41 8 8
206 41 8 8
207 41 8 8
208 41 8 8
209 41 8 8
210 41 8 8
211 41 8 8
212 41 8 8
213 41 8 8
214 41 8 8
215 41 8 8
216 41 8 8
217 41 8 8
218 41 8 8
219 41 8 8
220 41 8 8
221 41 8 8
222 41 8 8
223 41 8 8
228 41 8 8
229 41 8 8
230 41 8 8
231 41 8 8
232 41 8 8
350 41 16 16
351 41 16 16
352 41 16 16
353 41 16 16
354 41 16 16
355 41 16 16
356 41 16 16
357 41 16 16
358 41 16 16
359 41 16 16
360 41 16 16
361 41 16 16
362 41 16 16
363 41 16 16
364 41 16 16
365 41 16 16
366 41 16 16
367 41 16 16
368 41 16 16
369 41 16 16
371 41 16 16
372 41 16 16
373 41 16 16
374 41 16 16
375 41 16 16
376 41 16 16
377 41 16 16
378 41 16 16
379 41 16 16
380 41 16 16
381 41 16 16
382 41 16 16
383 41 16 16
384 41 16 16
385 41 16 16
386 41 16 16
387 41 16 16
388 41 16 16
389 41 16 16
390 41 16 16
391 41 16 16
392 41 16 16
393 41 16 16
394 41 16 16
395 41 16 16
396 41 16 16
397 41 16 16
398 41 16 16
399 41 16 16
401 41 16 16
402 41 16 16
403 41 16 16
404 41 16 16
405 41 16 16
411 41 16 16
412 41 16 16
413 41 16 16
414 41 16 16
415 41 16 16
419 41 16 16
420 41 16 16
421 41 16 16
422 41 16 16
423 41 16 16
439 41 16 16
440 41 16 16
441 41 16 16
442 41 16 16
443 41 16 16
444 41 16 16
445 41 16 16
446 41 16 16
447 41 16 16
448 41 16 16
449 41 16 16
450 41 16 16
451 41 16 16
454 41 16 16
455 41 16 16
456 41 16 16
457 41 16 16
458 41 16 16
459 41 16 16
460 41 16 16
461 41 16 16
462 41 16 16
463 41 16 16
464 41 16 16
465 41 16 16
466 41 16 16
467 41 16 16
468 41 16 16
469 41 16 16
470 41 16 16
471 41 16 16
472 41 16 16
473 41 16 16
474 41 16 16
475 41 16 16
476 41 16 16
477 41 16 16
478 41 16 16
479 41 16 16
480 41 16 16
156 42 8 8
157 42 8 8
158 42 8 8
159 42 8 8
161 42 8 8
162 42 8 8
168 42 8 8
169 42 8 8
170 42 8 8
171 42 8 8
175 42 8 8
176 42 8 8
177 42 8 8
178 42 8 8
179 42 8 8
180 42 8 8
181 42 8 8
182 42 8 8
183 42 8 8
184 42 8 8
185 42 8 8
186 42 8 8
187 42 8 8
188 42 8 8
189 42 8 8
190 42 8 8
191 42 8 8
192 42 8 8
193 42 8 8
194 42 8 8
195 42 8 8
196 42 8 8
197 42 8 8
198 42 8 8
199 42 8 8
200 42 8 8
201 42 8 8
202 42 8 8
203 42 8 8
204 42 8 8
205 42 8 8
206 42 8 8
207 42 8 8
208 42 8 8
209 42 8 8
210 42 8 8
211 42 8 8
212 42 8 8
213 42 8 8
214 42 8 8
215 42 8 8
217 42 8 8
218 42 8 8
219 42 8 8
220 42 8 8
221 42 8 8
222 42 8 8
223 42 8 8
224 42 8 8
228 42 8 8
229 42 8 8
232 42 8 8
233 42 8 8
234 42 8 8
352 42 16 16
353 42 16 16
354 42 16 16
355 42 16 16
356 42 16 16
357 42 16 16
358 42 16 16
359 42 16 16
360 42 16 16
361 42 16 16
362 42 16 16
363 42 16 16
365 42 16 16
366 42 16 16
367 42 16 16
368 42 16 16
369 42 16 16
370 42 16 16
371 42 16 16
372 42 16 16
373 42 16 16
374 42 16 16
375 42 16 16
378 42 16 16
379 42 16 16
380 42 16 16
381 42 16 16
382 42 16 16
383 42 16 16
384 42 16 16
385 42 16 16
386 42 16 16
387 42 16 16
388 42 16 16
389 42 16 16
390 42 16 16
391 42 16 16
392 42 16 16
393 42 16 16
394 42 16 16
395 42 16 16
396 42 16 16
397 42 16 16
398 42 16 16
399 42 16 16
401 42 16 16
402 42 16 16
403 42 16 16
404 42 16 16
405 42 16 16
408 42 16 16
409 42 16 16
410 42 16 16
411 42 16 16
412 42 16 16
413 42 16 16
414 42 16 16
415 42 16 16
421 42 16 16
422 42 16 16
423 42 16 16
440 42 16 16
441 42 16 16
442 42 16 16
443 42 16 16
446 42 16 16
447 42 16 16
448 42 16 16
449 42 16 16
450 42 16 16
451 42 16 16
453 42 16 16
454 42 16 16
455 42 16 16
456 42 16 16
457 42 16 16
458 42 16 16
459 42 16 16
460 42 16 16
461 42 16 16
462 42 16 16
463 42 16 16
464 42 16 16
465 42 16 16
466 42 16 16
467 42 16 16
468 42 16 16
469 42 16 16
470 42 16 16
471 42 16 16
472 42 16 16
473 42 16 16
474 42 16 16
475 42 16 16
476 42 16 16
477 42 16 16
478 42 16 16
479 42 16 16
157 43 8 8
158 43 8 8
159 43 8 8
160 43 8 8
161 43 8 8
162 43 8 8
163 43 8 8
167 43 8 8
171 43 8 8
172 43 8 8
173 43 8 8
174 43 8 8
175 43 8 8
178 43 8 8
179 43 8 8
180 43 8 8
181 43 8 8
182 43 8 8
183 43 8 8
184 43 8 8
185 43 8 8
186 43 8 8
187 43 8 8
188 43 8 8
189 43 8 8
190 43 8 8
191 43 8 8
192 43 8 8
193 43 8 8
194 43 8 8
195 43 8 8
196 43 8 8
197 43 8 8
198 43 8 8
199 43 8 8
200 43 8 8
201 43 8 8
202 43 8 8
203 43 8 8
204 43 8 8
205 43 8 8
206 43 8 8
207 43 8 8
208 43 8 8
209 43 8 8
210 43 8 8
211 43 8 8
212 43 8 8
213 43 8 8
214 43 8 8
215 43 8 8
219 43 8 8
220 43 8 8
221 43 8 8
222 43 8 8
223 43 8 8
229 43 8 8
230 43 8 8
231 43 8 8
352 43 16 16
353 43 16 16
354 43 16 16
355 43 16 16
356 43 16 16
357 43 16 16
358 43 16 16
359 43 16 16
360 43 16 16
361 43 16 16
362 43 16 16
363 43 16 16
365 43 16 16
366 43 16 16
367 43 16 16
368 43 16 16
369 43 16 16
370 43 16 16
371 43 16 16
372 43 16 16
373 43 16 16
374 43 16 16
377 43 16 16
378 43 16 16
379 43 16 16
380 43 16 16
381 43 16 16
382 43 16 16
383 43 16 16
384 43 16 16
385 43 16 16
386 43 16 16
387 43 16 16
388 43 16 16
389 43 16 16
390 43 16 16
391 43 16 16
392 43 16 16
393 43 16 16
394 43 16 16
395 43 16 16
396 43 16 16
397 43 16 16
398 43 16 16
399 43 16 16
400 43 16 16
401 43 16 16
402 43 16 16
403 43 16 16
404 43 16 16
405 43 16 16
406 43 16 16
408 43 16 16
409 43 16 16
410 43 16 16
411 43 16 16
412 43 16 16
413 43 16 16
414 43 16 16
415 43 16 16
444 43 16 16
445 43 16 16
446 43 16 16
447 43 16 16
448 43 16 16
449 43 16 16
450 43 16 16
451 43 16 16
452 43 16 16
453 43 16 16
454 43 16 16
456 43 16 16
457 43 16 16
458 43 16 16
459 43 16 16
460 43 16 16
461 43 16 16
462 43 16 16
463 43 16 16
464 43 16 16
465 43 16 16
466 43 16 16
467 43 16 16
468 43 16 16
469 43 16 16
470 43 16 16
471 43 16 16
472 43 16 16
473 43 16 16
474 43 16 16
475 43 16 16
476 43 16 16
477 43 16 16
478 43 16 16
479 43 16 16
162 44 8 8
163 44 8 8
164 44 8 8
167 44 8 8
172 44 8 8
173 44 8 8
174 44 8 8
175 44 8 8
178 44 8 8
179 44 8 8
180 44 8 8
181 44 8 8
182 44 8 8
183 44 8 8
184 44 8 8
185 44 8 8
186 44 8 8
187 44 8 8
188 44 8 8
189 44 8 8
190 44 8 8
191 44 8 8
192 44 8 8
193 44 8 8
194 44 8 8
195 44 8 8
196 44 8 8
197 44 8 8
198 44 8 8
199 44 8 8
200 44 8 8
201 44 8 8
202 44 8 8
203 44 8 8
204 44 8 8
205 44 8 8
206 44 8 8
207 44 8 8
208 44 8 8
209 44 8 8
210 44 8 8
211 44 8 8
212 44 8 8
213 44 8 8
214 44 8 8
220 44 8 8
221 44 8 8
222 44 8 8
223 44 8 8
224 44 8 8
229 44 8 8
354 44 16 16
355 44 16 16
356 44 16 16
363 44 16 16
364 44 16 16
365 44 16 16
366 44 16 16
367 44 16 16
368 44 16 16
369 44 16 16
372 44 16 16
373 44 16 16
376 44 16 16
377 44 16 16
381 44 16 16
382 44 16 16
383 44 16 16
384 44 16 16
385 44 16 16
387 44 16 16
388 44 16 16
389 44 16 16
390 44 16 16
391 44 16 16
395 44 16 16
396 44 16 16
397 44 16 16
398 44 16 16
399 44 16 16
400 44 16 16
401 44 16 16
402 44 16 16
403 44 16 16
404 44 16 16
405 44 16 16
406 44 16 16
407 44 16 16
409 44 16 16
410 44 16 16
411 44 16 16
412 44 16 16
413 44 16 16
414 44 16 16
443 44 16 16
444 44 16 16
445 44 16 16
446 44 16 16
447 44 16 16
448 44 16 16
449 44 16 16
450 44 16 16
451 44 16 16
452 44 16 16
453 44 16 16
456 44 16 16
457 44 16 16
458 44 16 16
459 44 16 16
460 44 16 16
461 44 16 16
462 44 16 16
463 44 16 16
464 44 16 16
465 44 16 16
466 44 16 16
467 44 16 16
468 44 16 16
469 44 16 16
470 44 16 16
471 44 16 16
472 44 16 16
473 44 16 16
474 44 16 16
162 45 8 8
163 45 8 8
164 45 8 8
165 45 8 8
166 45 8 8
167 45 8 8
168 45 8 8
178 45 8 8
179 45 8 8
180 45 8 8
181 45 8 8
182 45 8 8
183 45 8 8
184 45 8 8
185 45 8 8
186 45 8 8
187 45 8 8
188 45 8 8
189 45 8 8
190 45 8 8
191 45 8 8
192 45 8 8
193 45 8 8
194 45 8 8
195 45 8 8
196 45 8 8
197 45 8 8
198 45 8 8
199 45 8 8
200 45 8 8
201 45 8 8
202 45 8 8
203 45 8 8
204 45 8 8
205 45 8 8
206 45 8 8
207 45 8 8
208 45 8 8
209 45 8 8
210 45 8 8
211 45 8 8
212 45 8 8
213 45 8 8
214 45 8 8
215 45 8 8
219 45 8 8
220 45 8 8
221 45 8 8
222 45 8 8
223 45 8 8
363 45 16 16
364 45 16 16
365 45 16 16
366 45 16 16
367 45 16 16
368 45 16 16
376 45 16 16
382 45 16 16
383 45 16 16
384 45 16 16
385 45 16 16
386 45 16 16
387 45 16 16
388 45 16 16
389 45 16 16
390 45 16 16
391 45 16 16
397 45 16 16
398 45 16 16
399 45 16 16
400 45 16 16
401 45 16 16
402 45 16 16
403 45 16 16
404 45 16 16
405 45 16 16
406 45 16 16
407 45 16 16
409 45 16 16
410 45 16 16
411 45 16 16
412 45 16 16
413 45 16 16
414 45 16 16
439 45 16 16
440 45 16 16
441 45 16 16
442 45 16 16
443 45 16 16
444 45 16 16
445 45 16 16
446 45 16 16
447 45 16 16
448 45 16 16
449 45 16 16
450 45 16 16
451 45 16 16
452 45 16 16
453 45 16 16
454 45 16 16
460 45 16 16
461 45 16 16
462 45 16 16
463 45 16 16
464 45 16 16
465 45 16 16
466 45 16 16
467 45 16 16
468 45 16 16
469 45 16 16
470 45 16 16
471 45 16 16
165 46 8 8
168 46 8 8
173 46 8 8
178 46 8 8
179 46 8 8
180 46 8 8
181 46 8 8
182 46 8 8
183 46 8 8
184 46 8 8
185 46 8 8
186 46 8 8
189 46 8 8
190 46 8 8
191 46 8 8
192 46 8 8
193 46 8 8
194 46 8 8
195 46 8 8
196 46 8 8
197 46 8 8
198 46 8 8
199 46 8 8
200 46 8 8
201 46 8 8
202 46 8 8
203 46 8 8
204 46 8 8
205 46 8 8
206 46 8 8
207 46 8 8
208 46 8 8
209 46 8 8
210 46 8 8
211 46 8 8
212 46 8 8
213 46 8 8
218 46 8 8
219 46 8 8
220 46 8 8
221 46 8 8
222 46 8 8
223 46 8 8
383 46 16 16
384 46 16 16
385 46 16 16
386 46 16 16
387 46 16 16
397 46 16 16
398 46 16 16
399 46 16 16
400 46 16 16
401 46 16 16
402 46 16 16
403 46 16 16
433 46 16 16
434 46 16 16
439 46 16 16
441 46 16 16
442 46 16 16
443 46 16 16
444 46 16 16
445 46 16 16
446 46 16 16
447 46 16 16
452 46 16 16
453 46 16 16
454 46 16 16
455 46 16 16
469 46 16 16
470 46 16 16
471 46 16 16
171 47 8 8
172 47 8 8
173 47 8 8
174 47 8 8
175 47 8 8
177 47 8 8
178 47 8 8
179 47 8 8
180 47 8 8
181 47 8 8
182 47 8 8
183 47 8 8
184 47 8 8
185 47 8 8
190 47 8 8
191 47 8 8
192 47 8 8
193 47 8 8
194 47 8 8
195 47 8 8
196 47 8 8
197 47 8 8
198 47 8 8
199 47 8 8
200 47 8 8
201 47 8 8
202 47 8 8
203 47 8 8
204 47 8 8
205 47 8 8
206 47 8 8
207 47 8 8
208 47 8 8
209 47 8 8
210 47 8 8
211 47 8 8
212 47 8 8
213 47 8 8
217 47 8 8
218 47 8 8
220 47 8 8
221 47 8 8
222 47 8 8
223 47 8 8
224 47 8 8
384 47 16 16
385 47 16 16
386 47 16 16
387 47 16 16
396 47 16 16
397 47 16 16
398 47 16 16
399 47 16 16
429 47 16 16
430 47 16 16
431 47 16 16
432 47 16 16
433 47 16 16
434 47 16 16
439 47 16 16
443 47 16 16
444 47 16 16
445 47 16 16
450 47 16 16
451 47 16 16
452 47 16 16
453 47 16 16
8 48 4 4
168 48 8 8
169 48 8 8
170 48 8 8
171 48 8 8
172 48 8 8
173 48 8 8
174 48 8 8
175 48 8 8
176 48 8 8
177 48 8 8
178 48 8 8
179 48 8 8
180 48 8 8
181 48 8 8
186 48 8 8
187 48 8 8
191 48 8 8
192 48 8 8
193 48 8 8
194 48 8 8
195 48 8 8
196 48 8 8
200 48 8 8
201 48 8 8
202 48 8 8
203 48 8 8
209 48 8 8
210 48 8 8
211 48 8 8
212 48 8 8
213 48 8 8
214 48 8 8
215 48 8 8
220 48 8 8
222 48 8 8
224 48 8 8
225 48 8 8
380 48 16 16
383 48 16 16
384 48 16 16
385 48 16 16
386 48 16 16
387 48 16 16
388 48 16 16
390 48 16 16
391 48 16 16
393 48 16 16
394 48 16 16
395 48 16 16
398 48 16 16
399 48 16 16
400 48 16 16
417 48 16 16
418 48 16 16
419 48 16 16
420 48 16 16
424 48 16 16
425 48 16 16
426 48 16 16
427 48 16 16
428 48 16 16
429 48 16 16
430 48 16 16
431 48 16 16
432 48 16 16
433 48 16 16
434 48 16 16
435 48 16 16
436 48 16 16
437 48 16 16
438 48 16 16
439 48 16 16
444 48 16 16
445 48 16 16
446 48 16 16
447 48 16 16
450 48 16 16
451 48 16 16
452 48 16 16
453 48 16 16
8 49 4 4
9 49 4 4
167 49 8 8
169 49 8 8
170 49 8 8
171 49 8 8
172 49 8 8
173 49 8 8
174 49 8 8
175 49 8 8
176 49 8 8
177 49 8 8
178 49 8 8
179 49 8 8
180 49 8 8
181 49 8 8
186 49 8 8
187 49 8 8
191 49 8 8
192 49 8 8
193 49 8 8
194 49 8 8
195 49 8 8
196 49 8 8
200 49 8 8
201 49 8 8
202 49 8 8
203 49 8 8
204 49 8 8
205 49 8 8
207 49 8 8
208 49 8 8
209 49 8 8
213 49 8 8
214 49 8 8
215 49 8 8
377 49 16 16
378 49 16 16
379 49 16 16
380 49 16 16
381 49 16 16
384 49 16 16
385 49 16 16
386 49 16 16
387 49 16 16
388 49 16 16
390 49 16 16
391 49 16 16
392 49 16 16
393 49 16 16
394 49 16 16
395 49 16 16
398 49 16 16
399 49 16 16
400 49 16 16
418 49 16 16
424 49 16 16
425 49 16 16
426 49 16 16
427 49 16 16
428 49 16 16
429 49 16 16
430 49 16 16
431 49 16 16
432 49 16 16
433 49 16 16
434 49 16 16
435 49 16 16
436 49 16 16
437 49 16 16
443 49 16 16
444 49 16 16
445 49 16 16
446 49 16 16
447 49 16 16
450 49 16 16
451 49 16 16
452 49 16 16
453 49 16 16
454 49 16 16
158 50 8 8
166 50 8 8
167 50 8 8
172 50 8 8
173 50 8 8
174 50 8 8
175 50 8 8
177 50 8 8
178 50 8 8
179 50 8 8
180 50 8 8
185 50 8 8
186 50 8 8
187 50 8 8
190 50 8 8
191 50 8 8
192 50 8 8
193 50 8 8
194 50 8 8
195 50 8 8
196 50 8 8
197 50 8 8
198 50 8 8
199 50 8 8
200 50 8 8
201 50 8 8
202 50 8 8
203 50 8 8
204 50 8 8
205 50 8 8
206 50 8 8
207 50 8 8
208 50 8 8
209 50 8 8
210 50 8 8
212 50 8 8
213 50 8 8
214 50 8 8
215 50 8 8
375 50 16 16
376 50 16 16
377 50 16 16
378 50 16 16
379 50 16 16
380 50 16 16
381 50 16 16
382 50 16 16
384 50 16 16
385 50 16 16
386 50 16 16
387 50 16 16
388 50 16 16
389 50 16 16
390 50 16 16
395 50 16 16
396 50 16 16
397 50 16 16
398 50 16 16
399 50 16 16
400 50 16 16
401 50 16 16
416 50 16 16
417 50 16 16
418 50 16 16
419 50 16 16
420 50 16 16
421 50 16 16
422 50 16 16
423 50 16 16
424 50 16 16
425 50 16 16
426 50 16 16
427 50 16 16
428 50 16 16
155 51 8 8
156 51 8 8
157 51 8 8
158 51 8 8
159 51 8 8
160 51 8 8
161 51 8 8
162 51 8 8
163 51 8 8
164 51 8 8
165 51 8 8
166 51 8 8
167 51 8 8
168 51 8 8
169 51 8 8
170 51 8 8
171 51 8 8
172 51 8 8
173 51 8 8
174 51 8 8
175 51 8 8
177 51 8 8
178 51 8 8
179 51 8 8
180 51 8 8
181 51 8 8
185 51 8 8
186 51 8 8
187 51 8 8
188 51 8 8
189 51 8 8
190 51 8 8
191 51 8 8
192 51 8 8
193 51 8 8
194 51 8 8
195 51 8 8
196 51 8 8
197 51 8 8
198 51 8 8
199 51 8 8
200 51 8 8
201 51 8 8
202 51 8 8
203 51 8 8
204 51 8 8
205 51 8 8
206 51 8 8
207 51 8 8
209 51 8 8
210 51 8 8
211 51 8 8
212 51 8 8
213 51 8 8
373 51 16 16
374 51 16 16
375 51 16 16
376 51 16 16
377 51 16 16
378 51 16 16
379 51 16 16
380 51 16 16
381 51 16 16
383 51 16 16
384 51 16 16
385 51 16 16
386 51 16 16
387 51 16 16
388 51 16 16
389 51 16 16
391 51 16 16
392 51 16 16
393 51 16 16
394 51 16 16
395 51 16 16
396 51 16 16
397 51 16 16
398 51 16 16
399 51 16 16
400 51 16 16
401 51 16 16
416 51 16 16
418 51 16 16
419 51 16 16
420 51 16 16
421 51 16 16
422 51 16 16
423 51 16 16
424 51 16 16
425 51 16 16
426 51 16 16
427 51 16 16
428 51 16 16
429 51 16 16
430 51 16 16
156 52 8 8
157 52 8 8
158 52 8 8
159 52 8 8
160 52 8 8
161 52 8 8
162 52 8 8
163 52 8 8
164 52 8 8
165 52 8 8
166 52 8 8
168 52 8 8
169 52 8 8
170 52 8 8
171 52 8 8
172 52 8 8
173 52 8 8
174 52 8 8
175 52 8 8
177 52 8 8
178 52 8 8
179 52 8 8
180 52 8 8
181 52 8 8
182 52 8 8
185 52 8 8
186 52 8 8
187 52 8 8
188 52 8 8
189 52 8 8
190 52 8 8
191 52 8 8
192 52 8 8
193 52 8 8
194 52 8 8
195 52 8 8
196 52 8 8
197 52 8 8
198 52 8 8
199 52 8 8
200 52 8 8
201 52 8 8
202 52 8 8
203 52 8 8
208 52 8 8
209 52 8 8
210 52 8 8
374 52 16 16
377 52 16 16
378 52 16 16
380 52 16 16
381 52 16 16
382 52 16 16
383 52 16 16
384 52 16 16
385 52 16 16
386 52 16 16
387 52 16 16
388 52 16 16
389 52 16 16
390 52 16 16
391 52 16 16
392 52 16 16
393 52 16 16
394 52 16 16
395 52 16 16
397 52 16 16
398 52 16 16
399 52 16 16
400 52 16 16
401 52 16 16
402 52 16 16
403 52 16 16
404 52 16 16
405 52 16 16
417 52 16 16
418 52 16 16
419 52 16 16
420 52 16 16
421 52 16 16
422 52 16 16
423 52 16 16
424 52 16 16
425 52 16 16
426 52 16 16
427 52 16 16
428 52 16 16
429 52 16 16
158 53 8 8
159 53 8 8
160 53 8 8
161 53 8 8
162 53 8 8
163 53 8 8
164 53 8 8
165 53 8 8
166 53 8 8
167 53 8 8
168 53 8 8
169 53 8 8
170 53 8 8
171 53 8 8
172 53 8 8
173 53 8 8
174 53 8 8
175 53 8 8
176 53 8 8
177 53 8 8
178 53 8 8
179 53 8 8
180 53 8 8
181 53 8 8
182 53 8 8
184 53 8 8
185 53 8 8
186 53 8 8
187 53 8 8
188 53 8 8
189 53 8 8
190 53 8 8
191 53 8 8
194 53 8 8
195 53 8 8
196 53 8 8
197 53 8 8
198 53 8 8
199 53 8 8
200 53 8 8
201 53 8 8
202 53 8 8
203 53 8 8
204 53 8 8
206 53 8 8
207 53 8 8
208 53 8 8
209 53 8 8
210 53 8 8
211 53 8 8
212 53 8 8
379 53 16 16
380 53 16 16
381 53 16 16
382 53 16 16
384 53 16 16
385 53 16 16
386 53 16 16
387 53 16 16
388 53 16 16
389 53 16 16
390 53 16 16
391 53 16 16
392 53 16 16
393 53 16 16
397 53 16 16
398 53 16 16
399 53 16 16
401 53 16 16
402 53 16 16
403 53 16 16
404 53 16 16
405 53 16 16
406 53 16 16
407 53 16 16
408 53 16 16
423 53 16 16
427 53 16 16
428 53 16 16
161 54 8 8
162 54 8 8
163 54 8 8
164 54 8 8
165 54 8 8
166 54 8 8
174 54 8 8
175 54 8 8
176 54 8 8
177 54 8 8
178 54 8 8
179 54 8 8
180 54 8 8
181 54 8 8
182 54 8 8
184 54 8 8
185 54 8 8
186 54 8 8
187 54 8 8
188 54 8 8
189 54 8 8
190 54 8 8
191 54 8 8
192 54 8 8
193 54 8 8
194 54 8 8
195 54 8 8
196 54 8 8
197 54 8 8
198 54 8 8
200 54 8 8
201 54 8 8
202 54 8 8
203 54 8 8
204 54 8 8
205 54 8 8
206 54 8 8
207 54 8 8
208 54 8 8
209 54 8 8
210 54 8 8
211 54 8 8
212 54 8 8
213 54 8 8
234 54 19 19
235 54 19 19
236 54 19 19
380 54 16 16
381 54 16 16
382 54 16 16
384 54 16 16
385 54 16 16
386 54 16 16
387 54 16 16
390 54 16 16
391 54 16 16
398 54 16 16
401 54 16 16
402 54 16 16
403 54 16 16
404 54 16 16
405 54 16 16
406 54 16 16
407 54 16 16
408 54 16 16
409 54 16 16
410 54 16 16
411 54 16 16
425 54 16 16
426 54 16 16
427 54 16 16
165 55 8 8
174 55 8 8
175 55 8 8
176 55 8 8
177 55 8 8
180 55 8 8
181 55 8 8
182 55 8 8
184 55 8 8
185 55 8 8
186 55 8 8
187 55 8 8
188 55 8 8
189 55 8 8
190 55 8 8
191 55 8 8
192 55 8 8
193 55 8 8
194 55 8 8
195 55 8 8
196 55 8 8
197 55 8 8
200 55 8 8
201 55 8 8
202 55 8 8
203 55 8 8
204 55 8 8
205 55 8 8
206 55 8 8
207 55 8 8
209 55 8 8
210 55 8 8
211 55 8 8
212 55 8 8
235 55 19 19
384 55 16 16
385 55 16 16
386 55 16 16
387 55 16 16
398 55 16 16
401 55 16 16
402 55 16 16
403 55 16 16
404 55 16 16
405 55 16 16
406 55 16 16
407 55 16 16
408 55 16 16
409 55 16 16
410 55 16 16
427 55 16 16
175 56 8 8
176 56 8 8
177 56 8 8
178 56 8 8
184 56 8 8
185 56 8 8
188 56 8 8
191 56 8 8
192 56 8 8
193 56 8 8
194 56 8 8
196 56 8 8
200 56 8 8
203 56 8 8
204 56 8 8
206 56 8 8
207 56 8 8
385 56 16 16
397 56 16 16
398 56 16 16
399 56 16 16
402 56 16 16
426 56 16 16
427 56 16 16
177 57 8 8
178 57 8 8
181 57 8 8
182 57 8 8
183 57 8 8
184 57 8 8
185 57 8 8
186 57 8 8
187 57 8 8
191 57 8 8
194 57 8 8
200 57 8 8
204 57 8 8
205 57 8 8
397 57 16 16
398 57 16 16
182 58 8 8
183 58 8 8
185 58 8 8
186 58 8 8
187 58 8 8
188 58 8 8
204 58 8 8
205 58 8 8
188 59 8 8
189 59 8 8
204 59 8 8
109 60 6 6
110 60 6 6
204 60 8 8
109 61 6 6
441 64 1 1
441 65 1 1
441 66 1 1
55 113 0 0
56 113 0 0
55 114 0 0
429 132 5 5
430 132 5 5
429 133 5 5
244 144 15 15
245 144 15 15
246 144 15 15
244 145 15 15
245 145 15 15
246 145 15 15
245 146 15 15
299 149 7 7
300 149 7 7
366 149 9 9
371 149 9 9
298 150 7 7
299 150 7 7
300 150 7 7
366 150 9 9
371 150 9 9
372 150 9 9
366 151 9 9
369 151 9 9
370 151 9 9
371 151 9 9
366 152 9 9
369 152 9 9
370 152 9 9
371 152 9 9
372 152 9 9
366 153 9 9
367 153 9 9
368 153 9 9
369 153 9 9
371 153 9 9
363 154 9 9
364 154 9 9
366 154 9 9
367 154 9 9
368 154 9 9
371 154 9 9
363 155 9 9
364 155 9 9
365 155 9 9
366 155 9 9
367 155 9 9
363 156 9 9
364 156 9 9
366 156 9 9
367 156 9 9
362 157 9 9
363 157 9 9
363 158 9 9
363 159 9 9
363 160 9 9
364 160 9 9
365 160 9 9
363 161 9 9
364 161 9 9
186 176 14 14
187 176 14 14
188 176 14 14
189 176 14 14
187 177 14 14
188 177 14 14
189 177 14 14
190 177 14 14
190 178 14 14
37 180 13 13
37 181 13 13
37 182 13 13
383 194 18 18
385 194 18 18
379 195 18 18
380 195 18 18
383 195 18 18
385 195 18 18
380 196 18 18
381 196 18 18
382 196 18 18
383 196 18 18
384 196 18 18
385 196 18 18
386 196 18 18
384 197 18 18
316 209 3 3
317 209 3 3
317 210 3 3
410 251 10 10
411 251 10 10
412 251 10 10
412 252 10 10
413 252 10 10
414 252 10 10
415 252 10 10
36 254 2 2
36 255 2 2
37 255 2 2
428 292 11 11
428 293 11 11
37 311 17 17
36 312 17 17
37 312 17 17
305 315 12 12
306 315 12 12
307 315 12 12
