5896 481 321
13 0 9 9
14 0 9 9
100 0 99 99
101 0 99 99
102 0 99 99
103 0 99 99
104 0 99 99
105 0 99 99
117 0 99 99
118 0 99 99
137 0 99 99
138 0 99 99
139 0 99 99
140 0 99 99
148 0 99 99
149 0 99 99
162 0 99 99
163 0 99 99
164 0 99 99
166 0 99 99
169 0 99 99
170 0 99 99
171 0 99 99
172 0 99 99
173 0 99 99
190 0 43 43
192 0 43 43
193 0 43 43
194 0 43 43
195 0 43 43
196 0 43 43
197 0 43 43
198 0 43 43
202 0 43 43
203 0 43 43
208 0 43 43
209 0 43 43
210 0 43 43
211 0 43 43
212 0 43 43
213 0 43 43
214 0 43 43
216 0 43 43
217 0 43 43
218 0 43 43
219 0 43 43
220 0 43 43
221 0 43 43
13 1 9 9
14 1 9 9
17 1 9 9
18 1 9 9
84 1 99 99
85 1 99 99
86 1 99 99
87 1 99 99
100 1 99 99
101 1 99 99
102 1 99 99
103 1 99 99
104 1 99 99
105 1 99 99
114 1 99 99
117 1 99 99
118 1 99 99
137 1 99 99
139 1 99 99
140 1 99 99
141 1 99 99
142 1 99 99
148 1 99 99
149 1 99 99
150 1 99 99
161 1 99 99
162 1 99 99
163 1 99 99
164 1 99 99
166 1 99 99
169 1 99 99
170 1 99 99
171 1 99 99
172 1 99 99
173 1 99 99
190 1 43 43
191 1 43 43
193 1 43 43
194 1 43 43
195 1 43 43
198 1 43 43
199 1 43 43
203 1 43 43
204 1 43 43
205 1 43 43
206 1 43 43
207 1 43 43
208 1 43 43
209 1 43 43
210 1 43 43
211 1 43 43
212 1 43 43
213 1 43 43
214 1 43 43
215 1 43 43
216 1 43 43
217 1 43 43
218 1 43 43
219 1 43 43
220 1 43 43
221 1 43 43
341 1 51 51
13 2 9 9
17 2 9 9
18 2 9 9
83 2 99 99
84 2 99 99
85 2 99 99
86 2 99 99
87 2 99 99
96 2 99 99
97 2 99 99
98 2 99 99
99 2 99 99
100 2 99 99
101 2 99 99
102 2 99 99
103 2 99 99
104 2 99 99
105 2 99 99
114 2 99 99
116 2 99 99
117 2 99 99
118 2 99 99
137 2 99 99
142 2 99 99
144 2 99 99
147 2 99 99
148 2 99 99
149 2 99 99
150 2 99 99
158 2 99 99
160 2 99 99
161 2 99 99
162 2 99 99
163 2 99 99
164 2 99 99
165 2 99 99
166 2 99 99
168 2 99 99
169 2 99 99
171 2 99 99
172 2 99 99
173 2 99 99
190 2 43 43
191 2 43 43
192 2 43 43
193 2 43 43
194 2 43 43
195 2 43 43
198 2 43 43
199 2 43 43
200 2 43 43
201 2 43 43
202 2 43 43
203 2 43 43
204 2 43 43
208 2 43 43
209 2 43 43
210 2 43 43
211 2 43 43
212 2 43 43
213 2 43 43
214 2 43 43
215 2 43 43
216 2 43 43
217 2 43 43
218 2 43 43
219 2 43 43
220 2 43 43
221 2 43 43
222 2 43 43
341 2 51 51
346 2 51 51
13 3 9 9
14 3 9 9
16 3 9 9
17 3 9 9
18 3 9 9
82 3 99 99
83 3 99 99
84 3 99 99
85 3 99 99
86 3 99 99
87 3 99 99
96 3 99 99
97 3 99 99
98 3 99 99
100 3 99 99
101 3 99 99
102 3 99 99
103 3 99 99
105 3 99 99
106 3 99 99
107 3 99 99
108 3 99 99
109 3 99 99
110 3 99 99
111 3 99 99
112 3 99 99
113 3 99 99
114 3 99 99
117 3 99 99
136 3 99 99
137 3 99 99
143 3 99 99
144 3 99 99
147 3 99 99
148 3 99 99
149 3 99 99
152 3 99 99
153 3 99 99
158 3 99 99
159 3 99 99
160 3 99 99
161 3 99 99
162 3 99 99
163 3 99 99
164 3 99 99
165 3 99 99
166 3 99 99
167 3 99 99
168 3 99 99
172 3 99 99
173 3 99 99
189 3 43 43
190 3 43 43
191 3 43 43
195 3 43 43
196 3 43 43
197 3 43 43
198 3 43 43
199 3 43 43
200 3 43 43
201 3 43 43
202 3 43 43
203 3 43 43
204 3 43 43
205 3 43 43
206 3 43 43
207 3 43 43
209 3 43 43
210 3 43 43
211 3 43 43
212 3 43 43
213 3 43 43
214 3 43 43
216 3 43 43
217 3 43 43
218 3 43 43
219 3 43 43
220 3 43 43
221 3 43 43
222 3 43 43
223 3 43 43
341 3 51 51
346 3 51 51
349 3 51 51
11 4 9 9
12 4 9 9
13 4 9 9
14 4 9 9
15 4 9 9
16 4 9 9
17 4 9 9
18 4 9 9
80 4 99 99
81 4 99 99
82 4 99 99
83 4 99 99
84 4 99 99
85 4 99 99
96 4 99 99
97 4 99 99
98 4 99 99
102 4 99 99
103 4 99 99
104 4 99 99
105 4 99 99
106 4 99 99
107 4 99 99
108 4 99 99
109 4 99 99
112 4 99 99
113 4 99 99
114 4 99 99
117 4 99 99
120 4 99 99
127 4 99 99
136 4 99 99
137 4 99 99
138 4 99 99
139 4 99 99
140 4 99 99
144 4 99 99
145 4 99 99
148 4 99 99
149 4 99 99
152 4 99 99
157 4 99 99
158 4 99 99
159 4 99 99
160 4 99 99
161 4 99 99
162 4 99 99
163 4 99 99
164 4 99 99
165 4 99 99
166 4 99 99
167 4 99 99
195 4 43 43
196 4 43 43
197 4 43 43
198 4 43 43
199 4 43 43
200 4 43 43
201 4 43 43
202 4 43 43
203 4 43 43
204 4 43 43
205 4 43 43
209 4 43 43
210 4 43 43
211 4 43 43
212 4 43 43
213 4 43 43
214 4 43 43
216 4 43 43
217 4 43 43
218 4 43 43
219 4 43 43
220 4 43 43
221 4 43 43
222 4 43 43
223 4 43 43
340 4 51 51
341 4 51 51
342 4 51 51
346 4 51 51
349 4 51 51
11 5 9 9
12 5 9 9
13 5 9 9
14 5 9 9
16 5 9 9
17 5 9 9
18 5 9 9
79 5 99 99
80 5 99 99
81 5 99 99
82 5 99 99
83 5 99 99
84 5 99 99
93 5 99 99
94 5 99 99
96 5 99 99
97 5 99 99
98 5 99 99
106 5 99 99
107 5 99 99
108 5 99 99
109 5 99 99
110 5 99 99
112 5 99 99
114 5 99 99
115 5 99 99
116 5 99 99
117 5 99 99
118 5 99 99
120 5 99 99
123 5 99 99
124 5 99 99
127 5 99 99
130 5 99 99
136 5 99 99
137 5 99 99
138 5 99 99
141 5 99 99
142 5 99 99
143 5 99 99
144 5 99 99
145 5 99 99
148 5 99 99
149 5 99 99
152 5 99 99
153 5 99 99
157 5 99 99
158 5 99 99
160 5 99 99
161 5 99 99
162 5 99 99
165 5 99 99
166 5 99 99
194 5 43 43
195 5 43 43
196 5 43 43
197 5 43 43
198 5 43 43
199 5 43 43
200 5 43 43
201 5 43 43
202 5 43 43
203 5 43 43
204 5 43 43
205 5 43 43
206 5 43 43
208 5 43 43
209 5 43 43
210 5 43 43
211 5 43 43
212 5 43 43
213 5 43 43
214 5 43 43
215 5 43 43
216 5 43 43
217 5 43 43
218 5 43 43
219 5 43 43
220 5 43 43
221 5 43 43
222 5 43 43
340 5 51 51
341 5 51 51
342 5 51 51
343 5 51 51
344 5 51 51
346 5 51 51
349 5 51 51
13 6 9 9
15 6 9 9
16 6 9 9
17 6 9 9
18 6 9 9
81 6 99 99
82 6 99 99
83 6 99 99
84 6 99 99
85 6 99 99
91 6 99 99
92 6 99 99
93 6 99 99
96 6 99 99
97 6 99 99
98 6 99 99
99 6 99 99
100 6 99 99
101 6 99 99
102 6 99 99
103 6 99 99
106 6 99 99
107 6 99 99
108 6 99 99
110 6 99 99
111 6 99 99
112 6 99 99
113 6 99 99
114 6 99 99
115 6 99 99
116 6 99 99
118 6 99 99
120 6 99 99
123 6 99 99
124 6 99 99
127 6 99 99
130 6 99 99
131 6 99 99
136 6 99 99
137 6 99 99
138 6 99 99
139 6 99 99
140 6 99 99
141 6 99 99
142 6 99 99
143 6 99 99
144 6 99 99
145 6 99 99
146 6 99 99
147 6 99 99
148 6 99 99
149 6 99 99
152 6 99 99
153 6 99 99
156 6 99 99
157 6 99 99
158 6 99 99
160 6 99 99
161 6 99 99
165 6 99 99
199 6 43 43
200 6 43 43
201 6 43 43
202 6 43 43
203 6 43 43
204 6 43 43
205 6 43 43
206 6 43 43
207 6 43 43
208 6 43 43
209 6 43 43
210 6 43 43
211 6 43 43
212 6 43 43
213 6 43 43
214 6 43 43
215 6 43 43
216 6 43 43
217 6 43 43
218 6 43 43
219 6 43 43
220 6 43 43
221 6 43 43
340 6 51 51
341 6 51 51
342 6 51 51
343 6 51 51
344 6 51 51
346 6 51 51
349 6 51 51
15 7 9 9
16 7 9 9
17 7 9 9
18 7 9 9
82 7 99 99
83 7 99 99
84 7 99 99
85 7 99 99
86 7 99 99
87 7 99 99
90 7 99 99
91 7 99 99
92 7 99 99
98 7 99 99
99 7 99 99
100 7 99 99
101 7 99 99
102 7 99 99
103 7 99 99
104 7 99 99
105 7 99 99
106 7 99 99
107 7 99 99
108 7 99 99
110 7 99 99
111 7 99 99
113 7 99 99
114 7 99 99
115 7 99 99
116 7 99 99
117 7 99 99
120 7 99 99
123 7 99 99
124 7 99 99
127 7 99 99
130 7 99 99
131 7 99 99
132 7 99 99
133 7 99 99
134 7 99 99
135 7 99 99
137 7 99 99
145 7 99 99
146 7 99 99
147 7 99 99
148 7 99 99
149 7 99 99
153 7 99 99
156 7 99 99
158 7 99 99
159 7 99 99
160 7 99 99
161 7 99 99
202 7 43 43
203 7 43 43
204 7 43 43
205 7 43 43
206 7 43 43
207 7 43 43
209 7 43 43
210 7 43 43
211 7 43 43
212 7 43 43
213 7 43 43
214 7 43 43
215 7 43 43
216 7 43 43
217 7 43 43
218 7 43 43
219 7 43 43
220 7 43 43
221 7 43 43
344 7 51 51
346 7 51 51
349 7 51 51
351 7 51 51
15 8 9 9
18 8 9 9
19 8 9 9
79 8 99 99
80 8 99 99
83 8 99 99
84 8 99 99
85 8 99 99
86 8 99 99
90 8 99 99
91 8 99 99
92 8 99 99
93 8 99 99
99 8 99 99
100 8 99 99
101 8 99 99
102 8 99 99
103 8 99 99
104 8 99 99
105 8 99 99
106 8 99 99
107 8 99 99
108 8 99 99
112 8 99 99
113 8 99 99
117 8 99 99
118 8 99 99
120 8 99 99
124 8 99 99
125 8 99 99
126 8 99 99
127 8 99 99
130 8 99 99
131 8 99 99
132 8 99 99
133 8 99 99
134 8 99 99
135 8 99 99
137 8 99 99
138 8 99 99
139 8 99 99
142 8 99 99
143 8 99 99
146 8 99 99
148 8 99 99
149 8 99 99
150 8 99 99
152 8 99 99
153 8 99 99
157 8 99 99
158 8 99 99
203 8 43 43
204 8 43 43
206 8 43 43
208 8 43 43
209 8 43 43
210 8 43 43
211 8 43 43
212 8 43 43
213 8 43 43
214 8 43 43
216 8 43 43
217 8 43 43
335 8 51 51
339 8 51 51
340 8 51 51
341 8 51 51
342 8 51 51
343 8 51 51
344 8 51 51
346 8 51 51
348 8 51 51
349 8 51 51
351 8 51 51
352 8 51 51
14 9 9 9
15 9 9 9
16 9 9 9
17 9 9 9
79 9 99 99
80 9 99 99
81 9 99 99
82 9 99 99
83 9 99 99
84 9 99 99
85 9 99 99
86 9 99 99
90 9 99 99
91 9 99 99
92 9 99 99
93 9 99 99
97 9 99 99
98 9 99 99
101 9 99 99
104 9 99 99
105 9 99 99
106 9 99 99
107 9 99 99
108 9 99 99
109 9 99 99
110 9 99 99
111 9 99 99
112 9 99 99
113 9 99 99
114 9 99 99
116 9 99 99
117 9 99 99
118 9 99 99
119 9 99 99
120 9 99 99
124 9 99 99
125 9 99 99
126 9 99 99
127 9 99 99
132 9 99 99
133 9 99 99
134 9 99 99
135 9 99 99
137 9 99 99
138 9 99 99
139 9 99 99
143 9 99 99
144 9 99 99
145 9 99 99
146 9 99 99
147 9 99 99
148 9 99 99
151 9 99 99
152 9 99 99
153 9 99 99
156 9 99 99
157 9 99 99
158 9 99 99
204 9 43 43
206 9 43 43
208 9 43 43
209 9 43 43
211 9 43 43
212 9 43 43
213 9 43 43
214 9 43 43
335 9 51 51
341 9 51 51
342 9 51 51
343 9 51 51
344 9 51 51
346 9 51 51
348 9 51 51
349 9 51 51
351 9 51 51
352 9 51 51
353 9 51 51
14 10 9 9
15 10 9 9
16 10 9 9
17 10 9 9
22 10 9 9
23 10 9 9
80 10 99 99
81 10 99 99
82 10 99 99
83 10 99 99
84 10 99 99
85 10 99 99
86 10 99 99
90 10 99 99
91 10 99 99
92 10 99 99
93 10 99 99
97 10 99 99
98 10 99 99
100 10 99 99
106 10 99 99
107 10 99 99
108 10 99 99
109 10 99 99
110 10 99 99
112 10 99 99
113 10 99 99
114 10 99 99
115 10 99 99
116 10 99 99
117 10 99 99
118 10 99 99
119 10 99 99
120 10 99 99
123 10 99 99
124 10 99 99
125 10 99 99
126 10 99 99
127 10 99 99
128 10 99 99
129 10 99 99
130 10 99 99
131 10 99 99
132 10 99 99
133 10 99 99
134 10 99 99
135 10 99 99
136 10 99 99
137 10 99 99
138 10 99 99
139 10 99 99
143 10 99 99
144 10 99 99
145 10 99 99
146 10 99 99
148 10 99 99
149 10 99 99
150 10 99 99
151 10 99 99
152 10 99 99
153 10 99 99
154 10 99 99
155 10 99 99
156 10 99 99
157 10 99 99
158 10 99 99
206 10 43 43
208 10 43 43
211 10 43 43
212 10 43 43
213 10 43 43
214 10 43 43
326 10 51 51
327 10 51 51
335 10 51 51
336 10 51 51
337 10 51 51
338 10 51 51
339 10 51 51
340 10 51 51
341 10 51 51
342 10 51 51
343 10 51 51
345 10 51 51
346 10 51 51
348 10 51 51
351 10 51 51
352 10 51 51
353 10 51 51
354 10 51 51
14 11 9 9
15 11 9 9
16 11 9 9
17 11 9 9
18 11 9 9
21 11 9 9
22 11 9 9
23 11 9 9
24 11 9 9
80 11 99 99
81 11 99 99
82 11 99 99
83 11 99 99
84 11 99 99
85 11 99 99
86 11 99 99
87 11 99 99
89 11 99 99
90 11 99 99
91 11 99 99
92 11 99 99
93 11 99 99
94 11 99 99
95 11 99 99
96 11 99 99
98 11 99 99
99 11 99 99
100 11 99 99
105 11 99 99
106 11 99 99
107 11 99 99
108 11 99 99
109 11 99 99
112 11 99 99
113 11 99 99
114 11 99 99
115 11 99 99
116 11 99 99
117 11 99 99
118 11 99 99
119 11 99 99
120 11 99 99
121 11 99 99
122 11 99 99
123 11 99 99
124 11 99 99
127 11 99 99
128 11 99 99
129 11 99 99
130 11 99 99
131 11 99 99
132 11 99 99
133 11 99 99
134 11 99 99
135 11 99 99
136 11 99 99
137 11 99 99
138 11 99 99
139 11 99 99
143 11 99 99
144 11 99 99
145 11 99 99
146 11 99 99
149 11 99 99
150 11 99 99
152 11 99 99
153 11 99 99
154 11 99 99
155 11 99 99
156 11 99 99
157 11 99 99
158 11 99 99
208 11 43 43
212 11 43 43
213 11 43 43
214 11 43 43
215 11 43 43
326 11 51 51
327 11 51 51
328 11 51 51
329 11 51 51
330 11 51 51
331 11 51 51
332 11 51 51
333 11 51 51
334 11 51 51
335 11 51 51
336 11 51 51
337 11 51 51
338 11 51 51
339 11 51 51
340 11 51 51
341 11 51 51
342 11 51 51
343 11 51 51
344 11 51 51
346 11 51 51
348 11 51 51
349 11 51 51
351 11 51 51
352 11 51 51
353 11 51 51
354 11 51 51
13 12 9 9
14 12 9 9
15 12 9 9
16 12 9 9
17 12 9 9
18 12 9 9
19 12 9 9
20 12 9 9
21 12 9 9
22 12 9 9
23 12 9 9
24 12 9 9
79 12 99 99
80 12 99 99
81 12 99 99
82 12 99 99
83 12 99 99
84 12 99 99
85 12 99 99
86 12 99 99
87 12 99 99
88 12 99 99
89 12 99 99
90 12 99 99
91 12 99 99
92 12 99 99
93 12 99 99
94 12 99 99
95 12 99 99
96 12 99 99
97 12 99 99
98 12 99 99
101 12 99 99
102 12 99 99
104 12 99 99
105 12 99 99
106 12 99 99
107 12 99 99
108 12 99 99
109 12 99 99
112 12 99 99
113 12 99 99
114 12 99 99
115 12 99 99
116 12 99 99
117 12 99 99
118 12 99 99
119 12 99 99
120 12 99 99
122 12 99 99
123 12 99 99
127 12 99 99
128 12 99 99
135 12 99 99
136 12 99 99
137 12 99 99
138 12 99 99
139 12 99 99
143 12 99 99
147 12 99 99
148 12 99 99
149 12 99 99
150 12 99 99
151 12 99 99
152 12 99 99
153 12 99 99
154 12 99 99
155 12 99 99
156 12 99 99
157 12 99 99
208 12 43 43
212 12 43 43
213 12 43 43
214 12 43 43
326 12 51 51
327 12 51 51
328 12 51 51
329 12 51 51
330 12 51 51
331 12 51 51
332 12 51 51
333 12 51 51
334 12 51 51
335 12 51 51
336 12 51 51
337 12 51 51
344 12 51 51
346 12 51 51
348 12 51 51
349 12 51 51
351 12 51 51
354 12 51 51
355 12 51 51
9 13 9 9
10 13 9 9
11 13 9 9
12 13 9 9
13 13 9 9
14 13 9 9
15 13 9 9
16 13 9 9
17 13 9 9
18 13 9 9
19 13 9 9
20 13 9 9
21 13 9 9
22 13 9 9
23 13 9 9
24 13 9 9
80 13 99 99
81 13 99 99
83 13 99 99
84 13 99 99
85 13 99 99
86 13 99 99
90 13 99 99
91 13 99 99
92 13 99 99
93 13 99 99
94 13 99 99
95 13 99 99
96 13 99 99
97 13 99 99
98 13 99 99
99 13 99 99
100 13 99 99
101 13 99 99
102 13 99 99
103 13 99 99
104 13 99 99
105 13 99 99
106 13 99 99
107 13 99 99
108 13 99 99
109 13 99 99
112 13 99 99
113 13 99 99
114 13 99 99
115 13 99 99
116 13 99 99
117 13 99 99
118 13 99 99
119 13 99 99
120 13 99 99
122 13 99 99
123 13 99 99
127 13 99 99
128 13 99 99
129 13 99 99
134 13 99 99
135 13 99 99
136 13 99 99
137 13 99 99
138 13 99 99
139 13 99 99
140 13 99 99
141 13 99 99
142 13 99 99
143 13 99 99
144 13 99 99
147 13 99 99
148 13 99 99
149 13 99 99
150 13 99 99
151 13 99 99
153 13 99 99
154 13 99 99
155 13 99 99
213 13 43 43
326 13 51 51
327 13 51 51
328 13 51 51
329 13 51 51
330 13 51 51
331 13 51 51
332 13 51 51
333 13 51 51
334 13 51 51
336 13 51 51
337 13 51 51
342 13 51 51
343 13 51 51
344 13 51 51
346 13 51 51
347 13 51 51
349 13 51 51
351 13 51 51
9 14 9 9
10 14 9 9
11 14 9 9
12 14 9 9
13 14 9 9
14 14 9 9
16 14 9 9
17 14 9 9
18 14 9 9
19 14 9 9
20 14 9 9
21 14 9 9
22 14 9 9
24 14 9 9
79 14 99 99
80 14 99 99
92 14 99 99
93 14 99 99
94 14 99 99
95 14 99 99
97 14 99 99
98 14 99 99
99 14 99 99
100 14 99 99
103 14 99 99
105 14 99 99
106 14 99 99
107 14 99 99
108 14 99 99
109 14 99 99
112 14 99 99
113 14 99 99
114 14 99 99
115 14 99 99
116 14 99 99
117 14 99 99
118 14 99 99
119 14 99 99
120 14 99 99
121 14 99 99
122 14 99 99
123 14 99 99
127 14 99 99
128 14 99 99
129 14 99 99
130 14 99 99
131 14 99 99
132 14 99 99
133 14 99 99
134 14 99 99
136 14 99 99
137 14 99 99
138 14 99 99
139 14 99 99
140 14 99 99
141 14 99 99
142 14 99 99
143 14 99 99
147 14 99 99
150 14 99 99
153 14 99 99
154 14 99 99
328 14 51 51
329 14 51 51
330 14 51 51
331 14 51 51
332 14 51 51
333 14 51 51
334 14 51 51
336 14 51 51
337 14 51 51
338 14 51 51
339 14 51 51
340 14 51 51
341 14 51 51
344 14 51 51
346 14 51 51
348 14 51 51
349 14 51 51
351 14 51 51
10 15 9 9
11 15 9 9
15 15 9 9
17 15 9 9
21 15 9 9
24 15 9 9
92 15 99 99
93 15 99 99
94 15 99 99
95 15 99 99
97 15 99 99
98 15 99 99
101 15 99 99
102 15 99 99
103 15 99 99
106 15 99 99
107 15 99 99
108 15 99 99
109 15 99 99
112 15 99 99
113 15 99 99
114 15 99 99
115 15 99 99
116 15 99 99
117 15 99 99
118 15 99 99
119 15 99 99
120 15 99 99
121 15 99 99
122 15 99 99
123 15 99 99
124 15 99 99
127 15 99 99
128 15 99 99
129 15 99 99
133 15 99 99
134 15 99 99
135 15 99 99
136 15 99 99
137 15 99 99
138 15 99 99
139 15 99 99
140 15 99 99
141 15 99 99
142 15 99 99
143 15 99 99
144 15 99 99
152 15 99 99
153 15 99 99
154 15 99 99
328 15 51 51
329 15 51 51
331 15 51 51
332 15 51 51
333 15 51 51
336 15 51 51
337 15 51 51
338 15 51 51
339 15 51 51
340 15 51 51
341 15 51 51
344 15 51 51
346 15 51 51
348 15 51 51
349 15 51 51
351 15 51 51
352 15 51 51
8 16 9 9
9 16 9 9
10 16 9 9
11 16 9 9
12 16 9 9
13 16 9 9
14 16 9 9
15 16 9 9
16 16 9 9
17 16 9 9
18 16 9 9
19 16 9 9
20 16 9 9
21 16 9 9
22 16 9 9
94 16 99 99
95 16 99 99
97 16 99 99
102 16 99 99
104 16 99 99
105 16 99 99
106 16 99 99
107 16 99 99
108 16 99 99
109 16 99 99
110 16 99 99
111 16 99 99
112 16 99 99
113 16 99 99
114 16 99 99
115 16 99 99
116 16 99 99
117 16 99 99
123 16 99 99
124 16 99 99
128 16 99 99
129 16 99 99
130 16 99 99
131 16 99 99
132 16 99 99
133 16 99 99
134 16 99 99
136 16 99 99
137 16 99 99
138 16 99 99
139 16 99 99
140 16 99 99
141 16 99 99
142 16 99 99
143 16 99 99
150 16 99 99
151 16 99 99
153 16 99 99
329 16 51 51
332 16 51 51
333 16 51 51
335 16 51 51
337 16 51 51
339 16 51 51
343 16 51 51
344 16 51 51
345 16 51 51
346 16 51 51
347 16 51 51
348 16 51 51
349 16 51 51
350 16 51 51
351 16 51 51
352 16 51 51
353 16 51 51
7 17 9 9
8 17 9 9
9 17 9 9
10 17 9 9
11 17 9 9
12 17 9 9
13 17 9 9
16 17 9 9
17 17 9 9
18 17 9 9
19 17 9 9
20 17 9 9
22 17 9 9
95 17 99 99
102 17 99 99
104 17 99 99
105 17 99 99
106 17 99 99
107 17 99 99
108 17 99 99
109 17 99 99
110 17 99 99
111 17 99 99
112 17 99 99
113 17 99 99
114 17 99 99
128 17 99 99
129 17 99 99
130 17 99 99
131 17 99 99
132 17 99 99
133 17 99 99
134 17 99 99
136 17 99 99
137 17 99 99
138 17 99 99
139 17 99 99
140 17 99 99
141 17 99 99
142 17 99 99
143 17 99 99
144 17 99 99
151 17 99 99
152 17 99 99
153 17 99 99
328 17 51 51
329 17 51 51
331 17 51 51
332 17 51 51
335 17 51 51
337 17 51 51
339 17 51 51
340 17 51 51
342 17 51 51
344 17 51 51
345 17 51 51
346 17 51 51
347 17 51 51
348 17 51 51
349 17 51 51
350 17 51 51
351 17 51 51
353 17 51 51
7 18 9 9
8 18 9 9
9 18 9 9
12 18 9 9
13 18 9 9
16 18 9 9
17 18 9 9
18 18 9 9
19 18 9 9
95 18 99 99
102 18 99 99
104 18 99 99
105 18 99 99
106 18 99 99
107 18 99 99
108 18 99 99
109 18 99 99
110 18 99 99
111 18 99 99
113 18 99 99
128 18 99 99
129 18 99 99
130 18 99 99
131 18 99 99
132 18 99 99
133 18 99 99
134 18 99 99
136 18 99 99
137 18 99 99
138 18 99 99
139 18 99 99
140 18 99 99
141 18 99 99
142 18 99 99
143 18 99 99
144 18 99 99
330 18 51 51
331 18 51 51
332 18 51 51
335 18 51 51
336 18 51 51
337 18 51 51
340 18 51 51
341 18 51 51
342 18 51 51
344 18 51 51
345 18 51 51
346 18 51 51
347 18 51 51
348 18 51 51
349 18 51 51
350 18 51 51
351 18 51 51
7 19 9 9
8 19 9 9
9 19 9 9
12 19 9 9
13 19 9 9
14 19 9 9
16 19 9 9
17 19 49 49
18 19 9 9
19 19 9 9
22 19 9 9
102 19 99 99
104 19 99 99
105 19 99 99
106 19 99 99
107 19 99 99
108 19 99 99
112 19 99 99
113 19 99 99
128 19 99 99
129 19 99 99
130 19 99 99
131 19 99 99
132 19 99 99
133 19 99 99
134 19 99 99
135 19 99 99
136 19 99 99
137 19 99 99
138 19 99 99
139 19 99 99
140 19 99 99
141 19 99 99
142 19 99 99
143 19 99 99
330 19 51 51
331 19 51 51
332 19 51 51
335 19 51 51
336 19 51 51
337 19 51 51
339 19 51 51
340 19 51 51
341 19 51 51
342 19 51 51
344 19 51 51
345 19 51 51
346 19 51 51
347 19 51 51
348 19 51 51
349 19 51 51
350 19 51 51
351 19 51 51
7 20 9 9
8 20 9 9
9 20 9 9
10 20 9 9
11 20 9 9
12 20 9 9
13 20 9 9
14 20 49 49
15 20 49 49
16 20 49 49
17 20 49 49
18 20 49 49
19 20 9 9
20 20 9 9
21 20 9 9
22 20 9 9
112 20 99 99
127 20 99 99
128 20 99 99
129 20 99 99
130 20 99 99
131 20 99 99
132 20 99 99
134 20 99 99
135 20 99 99
136 20 99 99
137 20 99 99
141 20 99 99
142 20 99 99
143 20 99 99
330 20 51 51
331 20 51 51
332 20 51 51
335 20 51 51
336 20 51 51
337 20 51 51
338 20 51 51
339 20 51 51
340 20 51 51
341 20 51 51
342 20 51 51
351 20 51 51
7 21 9 9
8 21 9 9
9 21 9 9
10 21 9 9
11 21 9 9
12 21 9 9
13 21 49 49
14 21 49 49
15 21 49 49
16 21 49 49
17 21 49 49
18 21 49 49
19 21 9 9
20 21 9 9
21 21 9 9
22 21 9 9
127 21 99 99
129 21 99 99
130 21 99 99
131 21 99 99
132 21 99 99
135 21 99 99
142 21 99 99
143 21 99 99
331 21 51 51
332 21 51 51
335 21 51 51
336 21 51 51
337 21 51 51
338 21 51 51
339 21 51 51
340 21 51 51
341 21 51 51
342 21 51 51
343 21 51 51
7 22 9 9
8 22 9 9
9 22 9 9
10 22 49 49
11 22 49 49
12 22 49 49
13 22 49 49
14 22 49 49
15 22 49 49
16 22 49 49
17 22 49 49
18 22 49 49
19 22 9 9
20 22 49 49
21 22 49 49
22 22 9 9
129 22 99 99
130 22 99 99
131 22 99 99
142 22 99 99
143 22 99 99
144 22 99 99
332 22 51 51
335 22 51 51
339 22 51 51
341 22 51 51
342 22 51 51
343 22 51 51
3 23 49 49
4 23 49 49
7 23 49 49
8 23 9 9
9 23 49 49
10 23 49 49
11 23 49 49
12 23 49 49
17 23 49 49
18 23 49 49
19 23 49 49
20 23 49 49
130 23 99 99
131 23 99 99
142 23 99 99
143 23 99 99
144 23 99 99
335 23 51 51
343 23 51 51
3 24 49 49
4 24 49 49
5 24 49 49
6 24 49 49
7 24 49 49
8 24 49 49
9 24 49 49
12 24 49 49
13 24 49 49
14 24 49 49
15 24 49 49
18 24 49 49
19 24 49 49
20 24 49 49
21 24 49 49
139 24 99 99
140 24 99 99
141 24 99 99
142 24 99 99
0 25 49 49
1 25 49 49
2 25 49 49
3 25 49 49
4 25 49 49
5 25 49 49
6 25 49 49
7 25 49 49
8 25 49 49
9 25 49 49
11 25 49 49
12 25 49 49
13 25 49 49
14 25 49 49
17 25 49 49
18 25 49 49
19 25 49 49
20 25 49 49
21 25 49 49
22 25 49 49
136 25 99 99
137 25 99 99
138 25 99 99
139 25 99 99
141 25 99 99
142 25 99 99
143 25 99 99
144 25 99 99
0 26 49 49
1 26 49 49
2 26 49 49
3 26 49 49
4 26 49 49
8 26 49 49
9 26 49 49
10 26 49 49
11 26 49 49
12 26 49 49
13 26 49 49
14 26 49 49
16 26 49 49
17 26 49 49
18 26 49 49
19 26 49 49
20 26 49 49
21 26 49 49
22 26 49 49
23 26 49 49
139 26 99 99
140 26 99 99
143 26 99 99
0 27 49 49
1 27 49 49
2 27 49 49
3 27 49 49
4 27 49 49
5 27 49 49
8 27 49 49
9 27 49 49
10 27 49 49
11 27 49 49
12 27 49 49
13 27 49 49
16 27 49 49
17 27 49 49
18 27 49 49
19 27 49 49
20 27 49 49
21 27 49 49
22 27 49 49
23 27 49 49
142 27 99 99
143 27 99 99
0 28 49 49
1 28 49 49
2 28 49 49
3 28 49 49
4 28 49 49
5 28 49 49
6 28 49 49
7 28 49 49
8 28 49 49
9 28 49 49
10 28 49 49
11 28 49 49
12 28 49 49
13 28 49 49
14 28 49 49
15 28 49 49
16 28 49 49
17 28 49 49
18 28 49 49
19 28 49 49
20 28 49 49
21 28 49 49
22 28 49 49
23 28 49 49
24 28 49 49
139 28 99 99
140 28 99 99
141 28 99 99
142 28 99 99
321 28 33 33
322 28 33 33
2 29 49 49
3 29 49 49
4 29 49 49
5 29 49 49
6 29 49 49
7 29 49 49
8 29 49 49
9 29 49 49
10 29 49 49
11 29 49 49
14 29 49 49
15 29 49 49
16 29 49 49
17 29 49 49
18 29 49 49
19 29 49 49
20 29 49 49
21 29 49 49
22 29 49 49
23 29 49 49
24 29 49 49
140 29 99 99
321 29 33 33
323 29 33 33
1 30 49 49
2 30 49 49
3 30 49 49
4 30 49 49
5 30 49 49
6 30 49 49
7 30 49 49
9 30 49 49
10 30 49 49
11 30 49 49
12 30 49 49
13 30 49 49
14 30 49 49
15 30 49 49
16 30 49 49
17 30 49 49
18 30 49 49
19 30 49 49
20 30 49 49
21 30 49 49
22 30 49 49
23 30 49 49
24 30 49 49
321 30 33 33
323 30 33 33
0 31 49 49
1 31 49 49
2 31 49 49
3 31 49 49
4 31 49 49
5 31 49 49
6 31 49 49
10 31 49 49
12 31 49 49
13 31 49 49
14 31 49 49
15 31 49 49
16 31 49 49
17 31 49 49
18 31 49 49
19 31 49 49
20 31 49 49
21 31 49 49
22 31 49 49
23 31 49 49
319 31 33 33
320 31 33 33
321 31 33 33
322 31 33 33
323 31 33 33
324 31 33 33
2 32 49 49
3 32 49 49
4 32 49 49
9 32 49 49
10 32 49 49
11 32 49 49
12 32 49 49
13 32 49 49
14 32 49 49
15 32 49 49
17 32 49 49
19 32 49 49
22 32 49 49
23 32 49 49
320 32 33 33
321 32 33 33
322 32 33 33
323 32 33 33
324 32 33 33
325 32 33 33
2 33 49 49
3 33 49 49
4 33 49 49
9 33 49 49
10 33 49 49
11 33 49 49
12 33 49 49
14 33 49 49
15 33 49 49
16 33 49 49
20 33 49 49
21 33 49 49
22 33 49 49
23 33 49 49
24 33 49 49
319 33 33 33
320 33 33 33
321 33 33 33
322 33 33 33
323 33 33 33
324 33 33 33
325 33 33 33
326 33 33 33
327 33 33 33
10 34 49 49
11 34 49 49
12 34 49 49
14 34 49 49
15 34 49 49
16 34 49 49
19 34 49 49
20 34 49 49
21 34 49 49
22 34 49 49
23 34 49 49
318 34 33 33
321 34 33 33
322 34 33 33
326 34 33 33
327 34 33 33
10 35 49 49
11 35 49 49
12 35 49 49
13 35 49 49
14 35 49 49
15 35 49 49
17 35 49 49
18 35 49 49
21 35 49 49
22 35 49 49
318 35 33 33
319 35 33 33
320 35 33 33
321 35 33 33
322 35 33 33
323 35 33 33
327 35 33 33
10 36 49 49
11 36 49 49
12 36 49 49
13 36 49 49
14 36 49 49
15 36 49 49
16 36 49 49
17 36 49 49
320 36 33 33
321 36 33 33
322 36 33 33
323 36 33 33
324 36 33 33
325 36 33 33
10 37 49 49
11 37 49 49
12 37 49 49
13 37 49 49
14 37 49 49
15 37 49 49
16 37 49 49
17 37 49 49
320 37 33 33
321 37 33 33
322 37 33 33
323 37 33 33
324 37 33 33
325 37 33 33
11 38 49 49
12 38 49 49
15 38 49 49
320 38 33 33
321 38 33 33
322 38 33 33
323 38 33 33
324 38 33 33
322 39 33 33
323 39 33 33
321 40 33 33
322 40 33 33
331 40 33 33
332 40 33 33
333 40 33 33
334 40 33 33
335 40 33 33
322 41 33 33
323 41 33 33
328 41 33 33
329 41 33 33
330 41 33 33
331 41 33 33
323 42 33 33
324 42 33 33
325 42 33 33
326 42 33 33
327 42 33 33
328 42 33 33
329 42 33 33
330 42 33 33
331 42 33 33
323 43 33 33
324 43 33 33
325 43 33 33
326 43 33 33
327 43 33 33
332 43 33 33
333 43 33 33
334 43 33 33
335 43 33 33
323 44 33 33
324 44 33 33
325 44 33 33
326 44 33 33
327 44 33 33
332 44 33 33
333 44 33 33
334 44 33 33
337 44 33 33
338 44 33 33
339 44 33 33
341 44 33 33
342 44 33 33
323 45 33 33
324 45 33 33
325 45 33 33
326 45 33 33
327 45 33 33
329 45 33 33
330 45 33 33
331 45 33 33
332 45 33 33
337 45 33 33
338 45 33 33
339 45 33 33
341 45 33 33
342 45 33 33
324 46 33 33
325 46 33 33
326 46 33 33
327 46 33 33
328 46 33 33
329 46 33 33
330 46 33 33
331 46 33 33
332 46 33 33
333 46 33 33
337 46 33 33
340 46 33 33
341 46 33 33
325 47 33 33
326 47 33 33
327 47 33 33
330 47 33 33
331 47 33 33
332 47 33 33
333 47 33 33
334 47 33 33
335 47 33 33
337 47 33 33
341 47 33 33
342 47 33 33
324 48 33 33
325 48 33 33
326 48 33 33
327 48 33 33
328 48 33 33
329 48 33 33
330 48 33 33
331 48 33 33
332 48 33 33
333 48 33 33
334 48 33 33
336 48 33 33
337 48 33 33
338 48 33 33
339 48 33 33
341 48 33 33
324 49 33 33
325 49 33 33
326 49 33 33
327 49 33 33
328 49 33 33
331 49 33 33
332 49 33 33
334 49 33 33
335 49 33 33
336 49 33 33
338 49 33 33
339 49 33 33
340 49 33 33
341 49 33 33
342 49 33 33
324 50 33 33
325 50 33 33
327 50 33 33
328 50 33 33
329 50 33 33
330 50 33 33
331 50 33 33
332 50 33 33
333 50 33 33
334 50 33 33
335 50 33 33
336 50 33 33
337 50 33 33
338 50 33 33
339 50 33 33
340 50 33 33
341 50 33 33
342 50 33 33
324 51 33 33
325 51 33 33
328 51 33 33
329 51 33 33
330 51 33 33
331 51 33 33
332 51 33 33
333 51 33 33
334 51 33 33
335 51 33 33
336 51 33 33
337 51 33 33
338 51 33 33
339 51 33 33
340 51 33 33
341 51 33 33
337 52 33 33
338 52 33 33
339 52 33 33
341 52 33 33
338 53 33 33
338 54 33 33
341 54 33 33
338 55 33 33
339 55 33 33
340 55 33 33
341 55 33 33
339 56 33 33
339 57 33 33
73 65 68 68
72 66 68 68
73 66 68 68
73 67 68 68
118 69 42 42
118 70 42 42
128 88 13 13
129 88 13 13
130 88 13 13
142 88 8 8
143 88 8 8
130 89 13 13
131 89 13 13
89 96 95 95
90 96 95 95
194 98 21 21
195 98 21 21
242 101 71 71
242 102 71 71
242 103 71 71
242 104 71 71
280 105 40 40
281 105 40 40
140 113 46 46
245 113 39 39
246 113 39 39
140 114 46 46
246 114 39 39
194 117 88 88
195 117 88 88
445 118 24 24
286 119 27 27
302 119 90 90
303 119 90 90
443 119 24 24
444 119 24 24
445 119 24 24
286 120 27 27
445 120 24 24
444 121 24 24
445 121 24 24
335 122 60 60
443 122 24 24
444 122 24 24
335 123 60 60
336 123 60 60
443 123 24 24
444 123 24 24
445 123 24 24
446 123 24 24
447 123 24 24
446 124 24 24
447 124 24 24
170 125 81 81
171 125 81 81
172 125 81 81
446 125 24 24
447 125 24 24
448 125 24 24
449 125 24 24
169 126 81 81
170 126 81 81
437 126 24 24
438 126 24 24
445 126 24 24
446 126 24 24
448 126 24 24
449 126 24 24
450 126 24 24
436 127 24 24
438 127 24 24
444 127 24 24
445 127 24 24
449 127 24 24
450 127 24 24
451 127 24 24
452 127 24 24
453 127 24 24
345 128 12 12
346 128 12 12
347 128 12 12
433 128 24 24
434 128 24 24
435 128 24 24
436 128 24 24
437 128 24 24
438 128 24 24
440 128 24 24
441 128 24 24
442 128 24 24
443 128 24 24
444 128 24 24
445 128 24 24
446 128 24 24
447 128 24 24
449 128 24 24
450 128 24 24
451 128 24 24
452 128 24 24
453 128 24 24
347 129 12 12
424 129 24 24
425 129 24 24
426 129 24 24
427 129 24 24
428 129 24 24
429 129 24 24
430 129 24 24
432 129 24 24
433 129 24 24
434 129 24 24
435 129 24 24
436 129 24 24
437 129 24 24
438 129 24 24
439 129 24 24
440 129 24 24
441 129 24 24
442 129 24 24
443 129 24 24
444 129 24 24
445 129 24 24
446 129 24 24
447 129 24 24
449 129 24 24
450 129 24 24
451 129 56 56
452 129 24 24
425 130 24 24
426 130 24 24
427 130 24 24
428 130 24 24
429 130 24 24
430 130 24 24
431 130 24 24
432 130 24 24
433 130 24 24
434 130 24 24
435 130 24 24
436 130 24 24
437 130 24 24
438 130 24 24
439 130 24 24
440 130 24 24
441 130 24 24
442 130 24 24
448 130 24 24
449 130 24 24
450 130 24 24
451 130 56 56
452 130 24 24
104 131 75 75
425 131 24 24
426 131 24 24
427 131 24 24
428 131 24 24
429 131 24 24
430 131 24 24
431 131 24 24
432 131 24 24
433 131 24 24
434 131 56 56
435 131 56 56
436 131 56 56
437 131 24 24
438 131 24 24
439 131 24 24
440 131 24 24
441 131 24 24
442 131 24 24
443 131 24 24
448 131 24 24
449 131 24 24
450 131 24 24
451 131 56 56
452 131 24 24
104 132 75 75
425 132 24 24
426 132 24 24
427 132 24 24
428 132 24 24
431 132 24 24
433 132 24 24
434 132 56 56
436 132 56 56
437 132 24 24
438 132 24 24
439 132 24 24
440 132 24 24
441 132 24 24
442 132 24 24
443 132 24 24
444 132 24 24
450 132 24 24
451 132 56 56
452 132 56 56
426 133 24 24
428 133 24 24
429 133 24 24
430 133 24 24
431 133 24 24
433 133 24 24
434 133 56 56
435 133 56 56
436 133 56 56
437 133 24 24
438 133 24 24
439 133 24 24
440 133 24 24
441 133 24 24
442 133 24 24
443 133 24 24
444 133 24 24
445 133 24 24
448 133 24 24
450 133 24 24
451 133 56 56
452 133 56 56
181 134 34 34
182 134 34 34
429 134 24 24
430 134 24 24
431 134 24 24
432 134 24 24
433 134 56 56
434 134 56 56
435 134 56 56
436 134 24 24
437 134 24 24
438 134 24 24
440 134 24 24
441 134 24 24
442 134 24 24
444 134 24 24
445 134 24 24
446 134 24 24
448 134 24 24
449 134 24 24
450 134 24 24
451 134 56 56
452 134 56 56
429 135 56 56
430 135 56 56
431 135 56 56
432 135 56 56
433 135 56 56
434 135 56 56
440 135 24 24
441 135 24 24
442 135 24 24
444 135 24 24
445 135 24 24
446 135 24 24
449 135 24 24
450 135 24 24
451 135 56 56
455 135 56 56
84 136 86 86
85 136 86 86
428 136 56 56
429 136 56 56
430 136 56 56
431 136 56 56
440 136 24 24
441 136 24 24
442 136 24 24
443 136 24 24
444 136 24 24
445 136 24 24
447 136 24 24
448 136 24 24
449 136 56 56
450 136 56 56
451 136 56 56
454 136 56 56
455 136 56 56
47 137 78 78
48 137 78 78
85 137 86 86
429 137 56 56
430 137 56 56
431 137 56 56
432 137 56 56
433 137 56 56
439 137 24 24
440 137 24 24
441 137 56 56
442 137 56 56
443 137 24 24
444 137 24 24
445 137 24 24
446 137 24 24
447 137 24 24
448 137 24 24
449 137 56 56
450 137 56 56
451 137 56 56
453 137 56 56
454 137 56 56
455 137 56 56
430 138 56 56
431 138 56 56
432 138 56 56
439 138 24 24
440 138 24 24
441 138 56 56
442 138 56 56
443 138 56 56
444 138 56 56
445 138 56 56
446 138 24 24
447 138 24 24
448 138 24 24
449 138 56 56
450 138 56 56
451 138 56 56
452 138 56 56
453 138 56 56
454 138 56 56
455 138 56 56
322 139 57 57
323 139 57 57
424 139 56 56
430 139 56 56
431 139 56 56
439 139 24 24
440 139 24 24
441 139 56 56
442 139 56 56
443 139 56 56
444 139 56 56
445 139 56 56
446 139 56 56
447 139 24 24
448 139 24 24
449 139 56 56
450 139 56 56
451 139 56 56
452 139 56 56
453 139 56 56
454 139 56 56
322 140 57 57
424 140 56 56
425 140 56 56
426 140 56 56
428 140 56 56
429 140 56 56
430 140 56 56
431 140 56 56
439 140 56 56
442 140 56 56
443 140 56 56
444 140 56 56
446 140 56 56
447 140 24 24
448 140 24 24
449 140 56 56
450 140 56 56
451 140 56 56
452 140 56 56
454 140 56 56
455 140 56 56
456 140 56 56
424 141 56 56
425 141 56 56
426 141 56 56
427 141 56 56
428 141 56 56
429 141 56 56
430 141 56 56
431 141 56 56
432 141 56 56
433 141 56 56
437 141 56 56
439 141 56 56
441 141 56 56
442 141 56 56
443 141 56 56
444 141 56 56
446 141 56 56
447 141 56 56
448 141 24 24
449 141 56 56
450 141 56 56
452 141 56 56
455 141 56 56
426 142 56 56
427 142 56 56
428 142 56 56
429 142 56 56
430 142 56 56
431 142 56 56
432 142 56 56
435 142 56 56
436 142 56 56
437 142 56 56
438 142 56 56
439 142 56 56
440 142 56 56
441 142 56 56
442 142 56 56
443 142 56 56
444 142 56 56
445 142 56 56
446 142 56 56
447 142 56 56
448 142 56 56
449 142 56 56
450 142 56 56
452 142 56 56
426 143 56 56
427 143 56 56
428 143 56 56
429 143 56 56
430 143 56 56
433 143 56 56
435 143 56 56
436 143 56 56
437 143 56 56
438 143 56 56
439 143 56 56
443 143 56 56
444 143 56 56
445 143 56 56
446 143 56 56
447 143 56 56
449 143 56 56
450 143 56 56
452 143 56 56
426 144 56 56
427 144 56 56
430 144 56 56
431 144 56 56
432 144 56 56
433 144 56 56
434 144 56 56
435 144 56 56
438 144 56 56
440 144 56 56
444 144 56 56
445 144 56 56
446 144 56 56
447 144 56 56
449 144 56 56
450 144 56 56
451 144 56 56
452 144 56 56
453 144 56 56
286 145 58 58
287 145 58 58
427 145 56 56
428 145 56 56
429 145 56 56
430 145 56 56
431 145 56 56
432 145 56 56
433 145 56 56
434 145 56 56
435 145 56 56
436 145 56 56
437 145 56 56
440 145 56 56
441 145 56 56
442 145 56 56
443 145 56 56
444 145 3 3
445 145 3 3
446 145 3 3
447 145 56 56
448 145 56 56
450 145 56 56
451 145 56 56
452 145 3 3
453 145 3 3
286 146 58 58
317 146 0 0
318 146 0 0
426 146 56 56
427 146 56 56
432 146 56 56
433 146 56 56
434 146 56 56
435 146 56 56
436 146 56 56
437 146 56 56
438 146 56 56
439 146 56 56
440 146 56 56
441 146 3 3
442 146 3 3
443 146 3 3
444 146 3 3
445 146 3 3
446 146 3 3
447 146 3 3
448 146 3 3
451 146 56 56
452 146 3 3
422 147 56 56
423 147 56 56
424 147 56 56
425 147 56 56
426 147 56 56
432 147 56 56
433 147 56 56
434 147 56 56
435 147 56 56
436 147 56 56
437 147 3 3
438 147 3 3
439 147 56 56
440 147 56 56
441 147 56 56
442 147 3 3
443 147 3 3
447 147 3 3
448 147 3 3
449 147 3 3
451 147 3 3
452 147 3 3
338 148 59 59
422 148 56 56
423 148 56 56
424 148 56 56
425 148 56 56
426 148 56 56
427 148 56 56
428 148 56 56
429 148 56 56
430 148 56 56
431 148 56 56
432 148 3 3
433 148 3 3
434 148 3 3
435 148 3 3
436 148 3 3
438 148 3 3
439 148 3 3
440 148 56 56
441 148 56 56
442 148 3 3
443 148 3 3
446 148 3 3
447 148 3 3
448 148 3 3
449 148 3 3
450 148 3 3
451 148 3 3
452 148 3 3
453 148 3 3
454 148 3 3
259 149 91 91
338 149 59 59
422 149 56 56
423 149 56 56
424 149 3 3
425 149 3 3
426 149 3 3
427 149 3 3
428 149 56 56
429 149 56 56
430 149 56 56
431 149 56 56
432 149 3 3
433 149 3 3
434 149 3 3
435 149 3 3
436 149 3 3
437 149 3 3
438 149 3 3
439 149 3 3
440 149 56 56
441 149 3 3
442 149 3 3
443 149 3 3
444 149 3 3
445 149 3 3
446 149 3 3
449 149 3 3
450 149 3 3
451 149 3 3
452 149 3 3
453 149 3 3
259 150 91 91
423 150 56 56
424 150 3 3
425 150 3 3
426 150 3 3
427 150 3 3
428 150 3 3
429 150 3 3
430 150 3 3
431 150 3 3
433 150 3 3
434 150 3 3
435 150 3 3
436 150 56 56
437 150 56 56
438 150 56 56
439 150 56 56
440 150 56 56
441 150 56 56
442 150 56 56
443 150 3 3
444 150 3 3
447 150 3 3
448 150 3 3
449 150 3 3
450 150 3 3
451 150 3 3
452 150 3 3
453 150 3 3
152 151 15 15
422 151 56 56
423 151 56 56
424 151 56 56
425 151 56 56
426 151 56 56
427 151 56 56
428 151 56 56
429 151 3 3
430 151 3 3
431 151 3 3
432 151 3 3
433 151 3 3
435 151 3 3
436 151 3 3
437 151 56 56
438 151 56 56
439 151 56 56
440 151 56 56
441 151 56 56
442 151 56 56
443 151 56 56
444 151 3 3
445 151 3 3
446 151 3 3
447 151 3 3
450 151 3 3
451 151 3 3
452 151 3 3
141 152 83 83
151 152 15 15
152 152 15 15
161 152 65 65
416 152 56 56
419 152 56 56
420 152 56 56
422 152 56 56
427 152 56 56
428 152 56 56
429 152 56 56
430 152 3 3
431 152 3 3
432 152 3 3
433 152 3 3
434 152 3 3
435 152 3 3
436 152 3 3
437 152 3 3
438 152 3 3
439 152 3 3
445 152 3 3
446 152 3 3
447 152 3 3
448 152 3 3
452 152 3 3
140 153 83 83
141 153 83 83
161 153 65 65
162 153 65 65
163 153 65 65
164 153 65 65
165 153 65 65
416 153 56 56
419 153 56 56
420 153 56 56
421 153 56 56
422 153 56 56
427 153 56 56
428 153 56 56
431 153 3 3
432 153 3 3
433 153 3 3
434 153 3 3
435 153 3 3
436 153 3 3
437 153 3 3
438 153 3 3
439 153 3 3
440 153 3 3
441 153 3 3
442 153 3 3
443 153 3 3
444 153 3 3
445 153 3 3
446 153 3 3
447 153 3 3
448 153 3 3
416 154 56 56
418 154 56 56
419 154 56 56
421 154 56 56
422 154 56 56
427 154 56 56
433 154 3 3
434 154 3 3
437 154 3 3
438 154 3 3
440 154 3 3
441 154 3 3
442 154 3 3
443 154 3 3
444 154 3 3
445 154 3 3
446 154 3 3
447 154 3 3
448 154 3 3
416 155 56 56
417 155 56 56
418 155 56 56
419 155 56 56
433 155 3 3
434 155 3 3
435 155 3 3
436 155 3 3
437 155 3 3
438 155 3 3
447 155 3 3
448 155 3 3
449 155 3 3
124 156 52 52
125 156 52 52
417 156 56 56
418 156 56 56
419 156 56 56
440 156 3 3
441 156 3 3
442 156 3 3
443 156 3 3
444 156 3 3
445 156 3 3
446 156 3 3
447 156 3 3
449 156 3 3
450 156 3 3
417 157 56 56
419 157 56 56
442 157 3 3
443 157 3 3
444 157 3 3
287 158 55 55
288 158 55 55
350 158 62 62
351 158 62 62
313 159 80 80
247 160 41 41
248 160 41 41
312 160 80 80
313 160 80 80
313 161 80 80
227 162 89 89
165 163 70 70
227 163 89 89
165 164 70 70
84 168 35 35
85 168 35 35
85 169 35 35
86 169 35 35
100 170 29 29
100 171 29 29
381 171 69 69
382 171 69 69
365 172 11 11
381 172 69 69
365 173 11 11
381 173 69 69
38 174 96 96
39 174 96 96
40 174 96 96
284 175 82 82
285 175 82 82
337 176 4 4
338 176 4 4
339 176 4 4
272 179 2 2
272 180 2 2
322 181 72 72
323 181 72 72
117 182 10 10
118 182 10 10
97 183 38 38
117 183 10 10
118 183 10 10
97 184 38 38
98 184 38 38
117 184 10 10
179 186 84 84
178 187 84 84
179 187 84 84
266 187 30 30
267 187 30 30
393 187 93 93
393 188 93 93
352 189 45 45
353 189 45 45
334 190 37 37
352 190 45 45
250 191 67 67
334 191 37 37
335 191 37 37
250 192 67 67
140 194 66 66
140 195 66 66
110 197 87 87
109 198 87 87
110 198 87 87
64 201 73 73
448 201 61 61
64 202 73 73
448 202 61 61
33 203 79 79
448 203 61 61
32 204 79 79
33 204 79 79
172 204 76 76
173 204 76 76
413 204 47 47
414 204 47 47
287 207 74 74
286 208 74 74
287 208 74 74
329 208 26 26
330 208 26 26
352 211 77 77
353 211 77 77
352 212 77 77
92 214 64 64
92 215 64 64
93 215 64 64
93 216 64 64
94 216 64 64
246 216 20 20
246 217 20 20
456 218 25 25
457 218 25 25
458 218 25 25
458 219 25 25
93 222 22 22
94 222 22 22
341 222 17 17
342 222 17 17
94 223 22 22
410 225 63 63
411 225 63 63
218 226 36 36
411 226 63 63
218 227 36 36
219 227 36 36
220 227 36 36
411 227 63 63
412 227 63 63
413 227 63 63
411 228 63 63
174 229 5 5
175 229 5 5
410 229 63 63
411 229 63 63
175 230 5 5
44 231 14 14
175 231 5 5
39 232 14 14
40 232 14 14
41 232 14 14
42 232 14 14
43 232 14 14
44 232 14 14
45 232 14 14
46 232 14 14
47 232 14 14
50 232 14 14
51 232 14 14
172 232 5 5
173 232 5 5
174 232 5 5
175 232 5 5
40 233 14 14
41 233 14 14
42 233 14 14
43 233 14 14
49 233 14 14
50 233 14 14
51 233 14 14
52 233 14 14
172 233 5 5
173 233 5 5
174 233 5 5
175 233 5 5
40 234 14 14
41 234 14 14
42 234 14 14
43 234 14 14
44 234 14 14
45 234 14 14
46 234 14 14
47 234 14 14
48 234 14 14
49 234 14 14
50 234 14 14
51 234 14 14
52 234 14 14
56 234 14 14
172 234 5 5
173 234 5 5
174 234 5 5
175 234 5 5
176 234 5 5
177 234 5 5
178 234 5 5
326 234 85 85
40 235 14 14
41 235 50 50
42 235 50 50
43 235 50 50
44 235 14 14
45 235 14 14
46 235 14 14
47 235 14 14
48 235 14 14
49 235 14 14
50 235 14 14
51 235 14 14
56 235 14 14
57 235 14 14
59 235 14 14
173 235 5 5
174 235 5 5
176 235 5 5
177 235 5 5
178 235 5 5
179 235 5 5
326 235 85 85
472 235 23 23
473 235 23 23
474 235 23 23
40 236 50 50
41 236 50 50
42 236 50 50
43 236 50 50
44 236 50 50
45 236 50 50
46 236 14 14
47 236 14 14
48 236 50 50
49 236 50 50
50 236 14 14
51 236 14 14
52 236 14 14
53 236 14 14
54 236 14 14
56 236 14 14
57 236 14 14
58 236 14 14
59 236 14 14
160 236 28 28
176 236 5 5
177 236 5 5
178 236 5 5
179 236 5 5
180 236 5 5
181 236 5 5
325 236 85 85
326 236 85 85
43 237 50 50
44 237 50 50
45 237 14 14
46 237 14 14
47 237 14 14
49 237 50 50
50 237 50 50
51 237 50 50
52 237 50 50
53 237 50 50
54 237 14 14
55 237 14 14
59 237 14 14
63 237 14 14
160 237 28 28
161 237 28 28
162 237 28 28
176 237 5 5
177 237 5 5
179 237 5 5
180 237 5 5
181 237 5 5
182 237 5 5
185 237 5 5
186 237 5 5
187 237 5 5
188 237 5 5
319 237 85 85
322 237 85 85
323 237 85 85
324 237 85 85
325 237 85 85
326 237 85 85
42 238 50 50
43 238 50 50
44 238 50 50
45 238 14 14
46 238 14 14
47 238 14 14
49 238 50 50
50 238 50 50
51 238 50 50
52 238 50 50
53 238 50 50
54 238 50 50
55 238 14 14
59 238 14 14
63 238 14 14
160 238 28 28
161 238 28 28
182 238 5 5
183 238 5 5
184 238 5 5
185 238 5 5
186 238 5 5
187 238 5 5
188 238 5 5
189 238 5 5
319 238 85 85
323 238 85 85
40 239 50 50
41 239 50 50
42 239 50 50
43 239 50 50
44 239 50 50
45 239 50 50
46 239 50 50
47 239 14 14
48 239 50 50
49 239 50 50
50 239 14 14
51 239 14 14
52 239 14 14
53 239 14 14
54 239 14 14
55 239 14 14
56 239 14 14
57 239 14 14
58 239 14 14
59 239 14 14
63 239 14 14
160 239 28 28
161 239 28 28
162 239 28 28
163 239 28 28
164 239 28 28
165 239 28 28
166 239 28 28
167 239 28 28
182 239 5 5
185 239 5 5
188 239 5 5
189 239 5 5
319 239 85 85
320 239 85 85
321 239 85 85
322 239 85 85
323 239 85 85
34 240 50 50
35 240 50 50
36 240 50 50
37 240 50 50
38 240 50 50
39 240 50 50
41 240 50 50
42 240 50 50
43 240 50 50
44 240 50 50
45 240 50 50
46 240 50 50
47 240 50 50
49 240 50 50
50 240 50 50
51 240 14 14
52 240 14 14
53 240 14 14
54 240 14 14
55 240 14 14
56 240 14 14
57 240 14 14
58 240 14 14
59 240 14 14
60 240 14 14
61 240 14 14
62 240 14 14
63 240 14 14
65 240 14 14
160 240 28 28
161 240 28 28
162 240 28 28
163 240 28 28
164 240 28 28
165 240 28 28
166 240 28 28
167 240 28 28
168 240 28 28
169 240 28 28
170 240 28 28
180 240 5 5
181 240 5 5
182 240 5 5
320 240 85 85
322 240 85 85
35 241 50 50
36 241 50 50
37 241 50 50
38 241 50 50
39 241 50 50
40 241 50 50
41 241 50 50
42 241 50 50
43 241 50 50
44 241 50 50
45 241 50 50
46 241 50 50
47 241 50 50
49 241 50 50
50 241 50 50
51 241 50 50
52 241 14 14
53 241 14 14
54 241 14 14
55 241 50 50
56 241 14 14
57 241 14 14
58 241 14 14
59 241 14 14
60 241 14 14
61 241 14 14
62 241 14 14
63 241 14 14
64 241 14 14
65 241 14 14
66 241 14 14
162 241 28 28
163 241 28 28
164 241 28 28
165 241 28 28
166 241 28 28
167 241 28 28
168 241 28 28
169 241 28 28
170 241 28 28
180 241 5 5
181 241 5 5
182 241 5 5
183 241 5 5
184 241 5 5
185 241 5 5
186 241 5 5
320 241 85 85
321 241 85 85
35 242 50 50
36 242 50 50
37 242 50 50
38 242 50 50
39 242 50 50
41 242 50 50
42 242 50 50
46 242 50 50
47 242 50 50
49 242 50 50
50 242 50 50
51 242 50 50
52 242 50 50
53 242 50 50
54 242 50 50
55 242 50 50
56 242 50 50
57 242 14 14
58 242 14 14
59 242 14 14
60 242 14 14
61 242 14 14
62 242 14 14
63 242 14 14
65 242 14 14
67 242 14 14
163 242 28 28
164 242 28 28
165 242 28 28
166 242 28 28
167 242 28 28
168 242 28 28
169 242 28 28
170 242 28 28
180 242 5 5
181 242 5 5
182 242 5 5
184 242 5 5
185 242 5 5
186 242 5 5
34 243 50 50
35 243 50 50
45 243 50 50
46 243 50 50
47 243 50 50
49 243 50 50
50 243 50 50
51 243 50 50
52 243 50 50
53 243 50 50
54 243 50 50
55 243 50 50
56 243 50 50
57 243 50 50
58 243 50 50
59 243 14 14
60 243 14 14
61 243 14 14
62 243 14 14
63 243 14 14
65 243 14 14
66 243 14 14
67 243 14 14
156 243 28 28
163 243 28 28
164 243 28 28
165 243 28 28
166 243 28 28
167 243 28 28
168 243 28 28
169 243 28 28
182 243 5 5
408 243 6 6
409 243 6 6
410 243 6 6
411 243 6 6
412 243 6 6
44 244 50 50
45 244 50 50
46 244 50 50
47 244 50 50
48 244 50 50
49 244 50 50
50 244 50 50
51 244 50 50
52 244 50 50
53 244 50 50
54 244 50 50
55 244 50 50
56 244 50 50
57 244 50 50
58 244 50 50
59 244 50 50
60 244 14 14
61 244 14 14
62 244 14 14
63 244 14 14
64 244 14 14
65 244 14 14
66 244 14 14
67 244 14 14
155 244 28 28
156 244 28 28
157 244 28 28
162 244 28 28
163 244 28 28
164 244 28 28
165 244 28 28
166 244 28 28
167 244 28 28
168 244 28 28
169 244 28 28
182 244 5 5
186 244 5 5
187 244 5 5
188 244 5 5
408 244 6 6
409 244 6 6
410 244 6 6
42 245 50 50
43 245 50 50
44 245 50 50
45 245 50 50
48 245 50 50
49 245 50 50
50 245 50 50
51 245 50 50
52 245 50 50
53 245 50 50
54 245 50 50
55 245 50 50
56 245 50 50
57 245 50 50
58 245 50 50
59 245 50 50
60 245 14 14
61 245 14 14
62 245 14 14
63 245 14 14
65 245 14 14
68 245 14 14
69 245 14 14
70 245 14 14
155 245 28 28
156 245 28 28
157 245 28 28
158 245 28 28
159 245 28 28
160 245 28 28
161 245 28 28
162 245 28 28
163 245 28 28
164 245 28 28
165 245 28 28
166 245 28 28
167 245 28 28
168 245 28 28
169 245 28 28
181 245 5 5
182 245 5 5
183 245 5 5
184 245 5 5
185 245 5 5
186 245 5 5
187 245 5 5
409 245 6 6
453 245 48 48
40 246 50 50
41 246 50 50
42 246 50 50
43 246 50 50
44 246 50 50
45 246 50 50
46 246 50 50
47 246 50 50
48 246 50 50
49 246 50 50
50 246 50 50
51 246 50 50
52 246 50 50
53 246 50 50
54 246 50 50
55 246 50 50
59 246 50 50
60 246 50 50
61 246 14 14
62 246 14 14
63 246 14 14
64 246 14 14
65 246 14 14
68 246 14 14
69 246 14 14
155 246 28 28
156 246 28 28
158 246 28 28
159 246 28 28
160 246 28 28
161 246 28 28
162 246 28 28
163 246 28 28
164 246 28 28
165 246 28 28
166 246 28 28
167 246 28 28
168 246 28 28
179 246 5 5
180 246 5 5
181 246 5 5
182 246 5 5
183 246 5 5
184 246 5 5
185 246 5 5
409 246 6 6
410 246 6 6
411 246 6 6
452 246 48 48
453 246 48 48
40 247 50 50
41 247 50 50
42 247 50 50
43 247 50 50
44 247 50 50
48 247 50 50
49 247 50 50
50 247 50 50
51 247 50 50
52 247 50 50
53 247 50 50
54 247 50 50
55 247 50 50
60 247 50 50
61 247 14 14
62 247 14 14
63 247 14 14
64 247 14 14
65 247 14 14
68 247 14 14
155 247 28 28
156 247 28 28
158 247 28 28
159 247 28 28
160 247 28 28
161 247 28 28
162 247 28 28
163 247 28 28
164 247 28 28
165 247 28 28
166 247 28 28
167 247 28 28
179 247 5 5
182 247 5 5
184 247 5 5
185 247 5 5
187 247 5 5
188 247 5 5
189 247 5 5
190 247 5 5
409 247 6 6
411 247 6 6
38 248 50 50
39 248 50 50
40 248 50 50
41 248 50 50
42 248 50 50
43 248 50 50
44 248 50 50
45 248 50 50
46 248 50 50
47 248 50 50
48 248 50 50
49 248 1 1
50 248 1 1
51 248 1 1
52 248 1 1
53 248 50 50
54 248 50 50
55 248 50 50
56 248 50 50
57 248 50 50
63 248 14 14
64 248 14 14
65 248 14 14
66 248 14 14
68 248 14 14
158 248 28 28
159 248 28 28
161 248 28 28
166 248 28 28
167 248 28 28
170 248 28 28
178 248 5 5
179 248 5 5
180 248 5 5
181 248 5 5
182 248 5 5
183 248 5 5
184 248 5 5
185 248 5 5
187 248 5 5
188 248 5 5
35 249 50 50
36 249 50 50
37 249 50 50
38 249 50 50
39 249 50 50
40 249 50 50
41 249 50 50
42 249 50 50
43 249 50 50
44 249 50 50
45 249 50 50
46 249 50 50
47 249 1 1
48 249 1 1
49 249 1 1
51 249 1 1
52 249 1 1
53 249 50 50
54 249 50 50
56 249 50 50
57 249 50 50
61 249 14 14
62 249 14 14
63 249 14 14
64 249 14 14
66 249 14 14
67 249 14 14
68 249 14 14
157 249 28 28
158 249 28 28
159 249 28 28
160 249 28 28
161 249 28 28
164 249 28 28
165 249 28 28
166 249 28 28
167 249 28 28
168 249 28 28
169 249 28 28
170 249 28 28
178 249 5 5
179 249 5 5
180 249 5 5
181 249 5 5
182 249 5 5
183 249 5 5
184 249 5 5
185 249 5 5
186 249 5 5
187 249 5 5
188 249 5 5
32 250 50 50
33 250 50 50
34 250 50 50
35 250 50 50
36 250 50 50
41 250 50 50
42 250 50 50
43 250 50 50
44 250 50 50
45 250 1 1
46 250 1 1
47 250 1 1
51 250 1 1
52 250 50 50
53 250 50 50
54 250 50 50
62 250 14 14
64 250 14 14
156 250 28 28
157 250 28 28
158 250 28 28
161 250 28 28
162 250 28 28
163 250 28 28
164 250 28 28
165 250 28 28
166 250 28 28
167 250 28 28
168 250 28 28
178 250 5 5
179 250 5 5
180 250 5 5
181 250 5 5
182 250 5 5
183 250 5 5
186 250 5 5
187 250 5 5
32 251 50 50
33 251 50 50
34 251 50 50
35 251 50 50
36 251 50 50
40 251 50 50
41 251 50 50
42 251 50 50
43 251 50 50
44 251 1 1
45 251 1 1
53 251 50 50
59 251 14 14
62 251 14 14
63 251 14 14
64 251 14 14
156 251 28 28
157 251 28 28
158 251 28 28
161 251 28 28
162 251 28 28
163 251 28 28
164 251 28 28
166 251 28 28
167 251 28 28
178 251 5 5
179 251 5 5
180 251 5 5
181 251 5 5
182 251 5 5
183 251 5 5
187 251 5 5
32 252 50 50
33 252 50 50
34 252 50 50
35 252 50 50
36 252 50 50
37 252 50 50
38 252 50 50
39 252 50 50
40 252 1 1
41 252 1 1
42 252 1 1
43 252 1 1
44 252 1 1
45 252 1 1
46 252 1 1
59 252 14 14
60 252 14 14
61 252 14 14
62 252 14 14
63 252 14 14
64 252 14 14
156 252 28 28
157 252 28 28
158 252 28 28
160 252 28 28
161 252 28 28
162 252 28 28
178 252 5 5
179 252 5 5
180 252 5 5
181 252 5 5
182 252 5 5
184 252 5 5
185 252 5 5
186 252 5 5
187 252 5 5
31 253 50 50
32 253 50 50
33 253 50 50
34 253 50 50
36 253 50 50
37 253 50 50
38 253 50 50
39 253 50 50
41 253 1 1
42 253 1 1
43 253 1 1
44 253 1 1
45 253 1 1
46 253 1 1
59 253 14 14
60 253 14 14
61 253 14 14
62 253 14 14
63 253 14 14
143 253 28 28
153 253 28 28
154 253 28 28
155 253 28 28
156 253 28 28
158 253 28 28
159 253 28 28
160 253 28 28
175 253 5 5
178 253 5 5
179 253 5 5
180 253 5 5
181 253 5 5
182 253 5 5
475 253 53 53
476 253 53 53
31 254 50 50
32 254 50 50
33 254 50 50
34 254 50 50
35 254 50 50
36 254 50 50
37 254 50 50
38 254 50 50
39 254 1 1
40 254 1 1
41 254 1 1
42 254 1 1
43 254 1 1
44 254 1 1
45 254 1 1
46 254 1 1
61 254 14 14
62 254 14 14
143 254 28 28
144 254 28 28
145 254 28 28
152 254 28 28
153 254 28 28
154 254 28 28
155 254 28 28
156 254 28 28
172 254 5 5
173 254 5 5
174 254 5 5
175 254 5 5
177 254 5 5
178 254 5 5
179 254 5 5
180 254 5 5
181 254 5 5
182 254 5 5
31 255 50 50
34 255 50 50
35 255 50 50
36 255 50 50
37 255 1 1
38 255 1 1
39 255 1 1
40 255 1 1
41 255 1 1
42 255 1 1
44 255 1 1
45 255 1 1
140 255 28 28
141 255 28 28
142 255 28 28
143 255 28 28
145 255 28 28
148 255 28 28
149 255 28 28
150 255 28 28
151 255 28 28
152 255 28 28
155 255 28 28
156 255 28 28
170 255 5 5
171 255 5 5
172 255 5 5
175 255 5 5
176 255 5 5
177 255 5 5
178 255 5 5
179 255 5 5
180 255 5 5
181 255 5 5
182 255 5 5
33 256 50 50
34 256 50 50
35 256 50 50
36 256 50 50
37 256 1 1
38 256 1 1
42 256 1 1
43 256 1 1
44 256 1 1
141 256 28 28
144 256 28 28
145 256 28 28
146 256 28 28
147 256 28 28
152 256 28 28
153 256 28 28
154 256 28 28
155 256 28 28
176 256 5 5
32 257 50 50
33 257 50 50
35 257 50 50
36 257 1 1
37 257 1 1
38 257 1 1
39 257 1 1
40 257 1 1
41 257 1 1
42 257 1 1
43 257 1 1
44 257 1 1
45 257 1 1
46 257 1 1
140 257 28 28
141 257 28 28
147 257 28 28
148 257 28 28
149 257 28 28
150 257 28 28
151 257 28 28
152 257 28 28
155 257 28 28
32 258 50 50
35 258 50 50
36 258 1 1
37 258 1 1
39 258 1 1
41 258 1 1
42 258 1 1
43 258 1 1
44 258 1 1
45 258 1 1
46 258 1 1
47 258 1 1
48 258 1 1
148 258 28 28
149 258 28 28
150 258 28 28
151 258 28 28
152 258 28 28
389 258 94 94
391 258 94 94
32 259 50 50
33 259 50 50
34 259 50 50
35 259 50 50
36 259 50 50
37 259 1 1
38 259 1 1
39 259 1 1
42 259 1 1
43 259 1 1
44 259 1 1
45 259 1 1
46 259 1 1
47 259 1 1
48 259 1 1
146 259 28 28
147 259 28 28
148 259 28 28
149 259 28 28
150 259 28 28
151 259 28 28
388 259 94 94
389 259 94 94
390 259 94 94
391 259 94 94
392 259 94 94
393 259 94 94
31 260 50 50
32 260 50 50
33 260 50 50
34 260 50 50
35 260 50 50
36 260 50 50
37 260 1 1
38 260 1 1
39 260 1 1
41 260 1 1
42 260 1 1
43 260 1 1
44 260 1 1
148 260 28 28
149 260 28 28
150 260 28 28
151 260 28 28
152 260 28 28
387 260 94 94
388 260 94 94
389 260 94 94
390 260 94 94
391 260 94 94
392 260 94 94
393 260 94 94
32 261 50 50
33 261 1 1
34 261 1 1
35 261 1 1
36 261 1 1
39 261 1 1
40 261 1 1
41 261 1 1
42 261 1 1
43 261 1 1
44 261 1 1
45 261 1 1
152 261 28 28
153 261 28 28
154 261 28 28
155 261 28 28
387 261 94 94
388 261 94 94
391 261 94 94
32 262 1 1
33 262 1 1
34 262 1 1
35 262 1 1
36 262 1 1
41 262 1 1
42 262 1 1
43 262 1 1
44 262 1 1
45 262 1 1
152 262 28 28
387 262 94 94
421 262 92 92
428 262 92 92
429 262 92 92
32 263 1 1
33 263 1 1
34 263 1 1
35 263 1 1
36 263 1 1
42 263 1 1
45 263 1 1
417 263 92 92
420 263 92 92
421 263 92 92
424 263 92 92
425 263 92 92
426 263 92 92
428 263 92 92
429 263 92 92
430 263 92 92
32 264 1 1
33 264 1 1
34 264 1 1
35 264 1 1
38 264 1 1
39 264 1 1
40 264 1 1
41 264 1 1
42 264 1 1
43 264 1 1
416 264 92 92
417 264 92 92
418 264 92 92
419 264 92 92
420 264 92 92
421 264 92 92
422 264 92 92
423 264 92 92
424 264 92 92
427 264 92 92
428 264 92 92
431 264 92 92
432 264 92 92
33 265 1 1
34 265 1 1
35 265 1 1
37 265 1 1
38 265 1 1
40 265 1 1
41 265 1 1
42 265 1 1
43 265 1 1
416 265 92 92
417 265 92 92
418 265 92 92
419 265 92 92
420 265 92 92
421 265 92 92
422 265 92 92
423 265 92 92
425 265 92 92
427 265 92 92
428 265 92 92
431 265 92 92
33 266 1 1
34 266 1 1
35 266 1 1
36 266 1 1
37 266 1 1
40 266 1 1
41 266 1 1
408 266 92 92
409 266 92 92
410 266 92 92
411 266 92 92
412 266 92 92
413 266 92 92
414 266 92 92
415 266 92 92
416 266 92 92
417 266 92 92
418 266 92 92
419 266 92 92
420 266 92 92
421 266 92 92
422 266 92 92
423 266 92 92
425 266 92 92
426 266 92 92
427 266 92 92
428 266 92 92
431 266 92 92
32 267 1 1
33 267 1 1
34 267 1 1
35 267 1 1
36 267 1 1
37 267 1 1
40 267 1 1
118 267 54 54
248 267 16 16
249 267 16 16
250 267 16 16
251 267 16 16
252 267 16 16
253 267 16 16
254 267 16 16
255 267 16 16
256 267 16 16
406 267 92 92
407 267 92 92
408 267 92 92
409 267 92 92
410 267 92 92
411 267 92 92
412 267 92 92
413 267 92 92
414 267 92 92
415 267 92 92
416 267 92 92
417 267 92 92
418 267 92 92
419 267 92 92
420 267 92 92
421 267 92 92
422 267 92 92
423 267 92 92
424 267 92 92
428 267 92 92
429 267 92 92
430 267 92 92
431 267 92 92
32 268 1 1
33 268 1 1
34 268 1 1
35 268 1 1
116 268 54 54
117 268 54 54
118 268 54 54
119 268 54 54
120 268 54 54
121 268 54 54
122 268 54 54
248 268 16 16
249 268 16 16
250 268 16 16
251 268 16 16
252 268 16 16
255 268 16 16
405 268 92 92
406 268 92 92
408 268 92 92
409 268 92 92
410 268 92 92
411 268 92 92
412 268 92 92
413 268 92 92
414 268 92 92
416 268 92 92
417 268 92 92
418 268 92 92
419 268 92 92
420 268 92 92
421 268 92 92
422 268 92 92
423 268 92 92
427 268 92 92
428 268 92 92
429 268 92 92
32 269 1 1
33 269 1 1
34 269 1 1
35 269 1 1
116 269 54 54
117 269 54 54
118 269 54 54
120 269 54 54
121 269 54 54
122 269 54 54
123 269 54 54
248 269 16 16
249 269 16 16
250 269 16 16
251 269 16 16
404 269 92 92
405 269 92 92
406 269 92 92
408 269 92 92
409 269 92 92
410 269 92 92
411 269 92 92
412 269 92 92
413 269 92 92
414 269 92 92
416 269 92 92
417 269 92 92
418 269 92 92
419 269 92 92
420 269 92 92
421 269 92 92
422 269 92 92
423 269 92 92
424 269 92 92
425 269 92 92
426 269 92 92
427 269 92 92
32 270 1 1
33 270 1 1
34 270 1 1
35 270 1 1
119 270 54 54
120 270 54 54
121 270 54 54
122 270 54 54
123 270 54 54
124 270 54 54
251 270 16 16
252 270 16 16
255 270 16 16
256 270 16 16
408 270 92 92
409 270 92 92
410 270 92 92
411 270 92 92
412 270 92 92
413 270 92 92
416 270 92 92
417 270 92 92
418 270 92 92
419 270 92 92
420 270 92 92
421 270 92 92
422 270 92 92
423 270 92 92
424 270 92 92
425 270 92 92
477 270 18 18
478 270 18 18
33 271 1 1
34 271 1 1
119 271 54 54
120 271 54 54
121 271 54 54
122 271 54 54
123 271 54 54
124 271 54 54
125 271 54 54
126 271 54 54
127 271 54 54
228 271 7 7
229 271 7 7
230 271 7 7
231 271 7 7
232 271 7 7
252 271 16 16
253 271 16 16
254 271 16 16
255 271 16 16
257 271 16 16
407 271 92 92
408 271 92 92
409 271 92 92
410 271 92 92
411 271 92 92
412 271 92 92
413 271 92 92
416 271 92 92
417 271 92 92
418 271 92 92
419 271 92 92
420 271 92 92
421 271 92 92
422 271 92 92
423 271 92 92
478 271 18 18
120 272 54 54
124 272 54 54
126 272 54 54
127 272 54 54
128 272 54 54
230 272 7 7
254 272 16 16
256 272 16 16
257 272 16 16
258 272 16 16
259 272 16 16
261 272 16 16
265 272 16 16
266 272 16 16
267 272 16 16
408 272 92 92
412 272 92 92
413 272 92 92
414 272 92 92
415 272 92 92
417 272 92 92
419 272 92 92
420 272 92 92
478 272 18 18
123 273 54 54
124 273 54 54
125 273 54 54
126 273 54 54
127 273 54 54
128 273 54 54
160 273 19 19
161 273 19 19
230 273 7 7
231 273 7 7
233 273 7 7
235 273 7 7
236 273 7 7
238 273 7 7
240 273 7 7
241 273 7 7
242 273 7 7
254 273 16 16
255 273 16 16
256 273 16 16
257 273 16 16
258 273 16 16
259 273 16 16
260 273 16 16
261 273 16 16
265 273 16 16
267 273 16 16
268 273 16 16
409 273 92 92
411 273 92 92
412 273 92 92
413 273 92 92
414 273 92 92
415 273 92 92
477 273 18 18
478 273 18 18
107 274 54 54
122 274 54 54
123 274 54 54
124 274 54 54
125 274 54 54
126 274 54 54
127 274 54 54
128 274 54 54
129 274 54 54
161 274 19 19
162 274 19 19
230 274 7 7
231 274 7 7
233 274 7 7
236 274 7 7
238 274 7 7
241 274 7 7
242 274 7 7
255 274 16 16
257 274 16 16
258 274 16 16
260 274 16 16
265 274 16 16
268 274 16 16
269 274 16 16
270 274 16 16
409 274 92 92
410 274 92 92
411 274 92 92
412 274 92 92
413 274 92 92
414 274 92 92
478 274 18 18
107 275 54 54
108 275 54 54
122 275 54 54
123 275 54 54
124 275 54 54
125 275 54 54
126 275 54 54
160 275 19 19
161 275 19 19
162 275 19 19
165 275 19 19
166 275 19 19
167 275 19 19
228 275 7 7
229 275 7 7
230 275 7 7
231 275 7 7
232 275 7 7
233 275 7 7
234 275 7 7
235 275 7 7
236 275 7 7
237 275 7 7
238 275 7 7
239 275 7 7
241 275 7 7
242 275 7 7
243 275 7 7
254 275 16 16
255 275 16 16
258 275 16 16
264 275 16 16
265 275 16 16
270 275 16 16
271 275 16 16
409 275 92 92
410 275 92 92
411 275 92 92
412 275 92 92
413 275 92 92
414 275 92 92
104 276 54 54
105 276 54 54
106 276 54 54
107 276 54 54
108 276 54 54
121 276 54 54
122 276 54 54
123 276 54 54
124 276 54 54
125 276 54 54
126 276 54 54
161 276 19 19
162 276 19 19
163 276 19 19
164 276 19 19
165 276 19 19
166 276 19 19
228 276 7 7
229 276 7 7
230 276 7 7
231 276 7 7
234 276 7 7
239 276 7 7
240 276 7 7
241 276 7 7
254 276 16 16
255 276 16 16
258 276 16 16
265 276 16 16
266 276 16 16
267 276 16 16
268 276 16 16
270 276 16 16
408 276 92 92
409 276 92 92
410 276 92 92
411 276 92 92
412 276 92 92
413 276 92 92
414 276 92 92
92 277 98 98
105 277 54 54
106 277 54 54
107 277 54 54
108 277 54 54
109 277 54 54
110 277 54 54
121 277 54 54
122 277 54 54
123 277 54 54
124 277 54 54
125 277 54 54
159 277 19 19
161 277 19 19
162 277 19 19
163 277 19 19
164 277 19 19
165 277 19 19
228 277 7 7
229 277 7 7
234 277 7 7
235 277 7 7
242 277 7 7
246 277 7 7
247 277 7 7
257 277 16 16
258 277 16 16
261 277 16 16
262 277 16 16
263 277 16 16
265 277 16 16
266 277 16 16
267 277 16 16
268 277 16 16
270 277 16 16
400 277 92 92
401 277 92 92
402 277 92 92
403 277 92 92
408 277 92 92
409 277 92 92
410 277 92 92
411 277 92 92
412 277 92 92
413 277 92 92
92 278 98 98
103 278 54 54
105 278 54 54
106 278 54 54
107 278 54 54
108 278 54 54
109 278 54 54
110 278 54 54
120 278 54 54
121 278 54 54
122 278 54 54
123 278 54 54
159 278 19 19
161 278 19 19
227 278 7 7
228 278 7 7
229 278 7 7
230 278 7 7
231 278 7 7
233 278 7 7
234 278 7 7
235 278 7 7
236 278 7 7
237 278 7 7
238 278 7 7
239 278 7 7
240 278 7 7
241 278 7 7
242 278 7 7
243 278 7 7
244 278 7 7
245 278 7 7
246 278 7 7
257 278 16 16
258 278 16 16
260 278 16 16
261 278 16 16
262 278 16 16
263 278 16 16
265 278 16 16
266 278 16 16
267 278 16 16
268 278 16 16
269 278 16 16
270 278 16 16
400 278 92 92
401 278 92 92
402 278 92 92
403 278 92 92
404 278 92 92
405 278 92 92
406 278 92 92
407 278 92 92
408 278 92 92
409 278 92 92
410 278 92 92
92 279 98 98
103 279 54 54
104 279 54 54
105 279 54 54
106 279 54 54
107 279 54 54
108 279 54 54
109 279 54 54
110 279 54 54
118 279 54 54
119 279 54 54
120 279 54 54
121 279 54 54
122 279 54 54
123 279 54 54
154 279 19 19
155 279 19 19
159 279 19 19
161 279 19 19
162 279 19 19
227 279 7 7
228 279 7 7
229 279 7 7
236 279 7 7
237 279 7 7
238 279 7 7
245 279 7 7
246 279 7 7
247 279 7 7
256 279 16 16
257 279 16 16
258 279 16 16
259 279 16 16
260 279 16 16
261 279 16 16
262 279 16 16
263 279 16 16
265 279 16 16
268 279 16 16
269 279 16 16
405 279 92 92
406 279 92 92
407 279 92 92
408 279 92 92
409 279 92 92
92 280 98 98
93 280 98 98
94 280 98 98
102 280 54 54
106 280 54 54
107 280 54 54
108 280 54 54
109 280 54 54
110 280 54 54
111 280 54 54
116 280 54 54
117 280 54 54
118 280 54 54
121 280 54 54
122 280 54 54
123 280 54 54
153 280 19 19
154 280 19 19
155 280 19 19
156 280 19 19
157 280 19 19
158 280 19 19
159 280 19 19
160 280 19 19
161 280 19 19
225 280 7 7
226 280 7 7
227 280 7 7
228 280 7 7
229 280 7 7
230 280 7 7
231 280 7 7
240 280 7 7
241 280 7 7
244 280 7 7
245 280 7 7
246 280 7 7
260 280 16 16
261 280 16 16
262 280 16 16
263 280 16 16
264 280 16 16
265 280 16 16
266 280 16 16
267 280 16 16
268 280 16 16
404 280 92 92
405 280 92 92
93 281 98 98
102 281 54 54
103 281 54 54
104 281 54 54
105 281 54 54
106 281 54 54
107 281 54 54
108 281 54 54
115 281 54 54
116 281 54 54
117 281 54 54
124 281 54 54
152 281 19 19
153 281 19 19
154 281 19 19
155 281 19 19
156 281 19 19
157 281 19 19
158 281 19 19
159 281 19 19
160 281 19 19
161 281 19 19
162 281 19 19
163 281 19 19
230 281 7 7
231 281 7 7
237 281 7 7
241 281 7 7
244 281 7 7
246 281 7 7
247 281 7 7
264 281 16 16
265 281 16 16
266 281 16 16
267 281 16 16
268 281 16 16
88 282 98 98
89 282 98 98
93 282 98 98
103 282 54 54
104 282 54 54
105 282 54 54
106 282 54 54
107 282 54 54
112 282 54 54
113 282 54 54
114 282 54 54
115 282 54 54
116 282 54 54
117 282 54 54
118 282 54 54
124 282 54 54
152 282 19 19
153 282 19 19
154 282 19 19
155 282 19 19
157 282 19 19
158 282 19 19
159 282 19 19
162 282 19 19
163 282 19 19
164 282 19 19
230 282 7 7
231 282 7 7
233 282 7 7
234 282 7 7
235 282 7 7
236 282 7 7
237 282 7 7
238 282 7 7
241 282 7 7
242 282 7 7
244 282 7 7
247 282 7 7
248 282 7 7
249 282 7 7
264 282 16 16
265 282 16 16
268 282 16 16
269 282 16 16
270 282 16 16
88 283 98 98
89 283 98 98
90 283 98 98
93 283 98 98
94 283 98 98
103 283 54 54
104 283 54 54
105 283 54 54
106 283 54 54
107 283 54 54
108 283 54 54
109 283 54 54
110 283 54 54
111 283 54 54
112 283 54 54
113 283 54 54
114 283 54 54
115 283 54 54
116 283 54 54
117 283 54 54
118 283 54 54
119 283 54 54
121 283 54 54
123 283 54 54
124 283 54 54
125 283 54 54
151 283 19 19
152 283 19 19
153 283 19 19
154 283 19 19
155 283 19 19
156 283 19 19
157 283 19 19
158 283 19 19
159 283 19 19
161 283 19 19
162 283 19 19
163 283 19 19
164 283 19 19
224 283 7 7
225 283 7 7
226 283 7 7
230 283 7 7
233 283 7 7
234 283 7 7
237 283 7 7
238 283 7 7
240 283 7 7
241 283 7 7
242 283 7 7
243 283 7 7
244 283 7 7
247 283 7 7
248 283 7 7
269 283 16 16
270 283 16 16
271 283 16 16
87 284 98 98
88 284 98 98
89 284 98 98
90 284 98 98
91 284 98 98
92 284 98 98
93 284 98 98
94 284 98 98
95 284 98 98
103 284 54 54
104 284 54 54
105 284 54 54
106 284 54 54
107 284 54 54
108 284 54 54
109 284 54 54
112 284 54 54
113 284 54 54
114 284 54 54
115 284 54 54
116 284 54 54
117 284 54 54
118 284 54 54
119 284 54 54
121 284 54 54
122 284 54 54
123 284 54 54
124 284 54 54
152 284 19 19
153 284 19 19
154 284 19 19
155 284 19 19
156 284 19 19
157 284 19 19
158 284 19 19
159 284 19 19
160 284 19 19
161 284 19 19
162 284 19 19
163 284 19 19
164 284 19 19
224 284 7 7
225 284 7 7
226 284 7 7
227 284 7 7
229 284 7 7
230 284 7 7
232 284 7 7
233 284 7 7
234 284 7 7
237 284 7 7
238 284 7 7
239 284 7 7
240 284 7 7
243 284 7 7
244 284 7 7
245 284 7 7
246 284 7 7
247 284 7 7
260 284 16 16
261 284 16 16
262 284 16 16
263 284 16 16
264 284 16 16
265 284 16 16
266 284 16 16
267 284 16 16
268 284 16 16
269 284 16 16
87 285 98 98
88 285 98 98
89 285 98 98
90 285 98 98
93 285 98 98
94 285 98 98
95 285 98 98
99 285 98 98
100 285 98 98
103 285 54 54
104 285 54 54
105 285 54 54
106 285 54 54
107 285 54 54
108 285 54 54
109 285 54 54
110 285 54 54
111 285 54 54
112 285 54 54
113 285 54 54
114 285 54 54
119 285 54 54
121 285 54 54
122 285 54 54
123 285 54 54
124 285 54 54
152 285 19 19
153 285 19 19
154 285 19 19
155 285 19 19
156 285 19 19
157 285 19 19
158 285 19 19
159 285 19 19
162 285 19 19
163 285 19 19
226 285 7 7
227 285 7 7
230 285 7 7
231 285 7 7
232 285 7 7
234 285 7 7
237 285 7 7
240 285 7 7
243 285 7 7
244 285 7 7
245 285 7 7
246 285 7 7
247 285 7 7
255 285 16 16
256 285 16 16
257 285 16 16
258 285 16 16
259 285 16 16
260 285 16 16
261 285 16 16
262 285 16 16
263 285 16 16
264 285 16 16
265 285 16 16
266 285 16 16
267 285 16 16
268 285 16 16
269 285 16 16
270 285 16 16
356 285 32 32
87 286 98 98
88 286 98 98
89 286 98 98
90 286 98 98
91 286 98 98
92 286 98 98
93 286 98 98
94 286 98 98
98 286 98 98
99 286 98 98
100 286 98 98
106 286 54 54
107 286 54 54
108 286 54 54
109 286 54 54
110 286 54 54
112 286 54 54
113 286 54 54
114 286 54 54
119 286 54 54
120 286 54 54
121 286 54 54
122 286 54 54
123 286 54 54
152 286 19 19
153 286 19 19
154 286 19 19
155 286 19 19
156 286 19 19
157 286 19 19
158 286 19 19
159 286 19 19
162 286 19 19
163 286 19 19
226 286 7 7
227 286 7 7
228 286 7 7
229 286 7 7
230 286 7 7
231 286 7 7
235 286 7 7
236 286 7 7
237 286 7 7
238 286 7 7
239 286 7 7
240 286 7 7
244 286 7 7
254 286 16 16
255 286 16 16
256 286 16 16
257 286 16 16
258 286 16 16
259 286 16 16
260 286 16 16
261 286 16 16
262 286 16 16
263 286 16 16
264 286 16 16
270 286 16 16
271 286 16 16
356 286 32 32
87 287 98 98
90 287 98 98
91 287 98 98
92 287 98 98
93 287 98 98
96 287 98 98
97 287 98 98
98 287 98 98
99 287 98 98
100 287 98 98
101 287 98 98
102 287 98 98
103 287 98 98
104 287 98 98
105 287 98 98
108 287 54 54
109 287 54 54
110 287 54 54
111 287 54 54
112 287 54 54
113 287 54 54
114 287 54 54
118 287 54 54
119 287 54 54
122 287 54 54
123 287 54 54
152 287 19 19
153 287 19 19
154 287 19 19
155 287 19 19
156 287 19 19
157 287 19 19
158 287 19 19
159 287 19 19
160 287 19 19
161 287 19 19
162 287 19 19
163 287 19 19
230 287 7 7
231 287 7 7
234 287 7 7
235 287 7 7
236 287 7 7
237 287 7 7
240 287 7 7
254 287 16 16
255 287 16 16
261 287 16 16
262 287 16 16
263 287 16 16
264 287 16 16
265 287 16 16
266 287 16 16
267 287 16 16
268 287 16 16
269 287 16 16
270 287 16 16
271 287 16 16
272 287 16 16
355 287 32 32
356 287 32 32
87 288 98 98
88 288 98 98
89 288 98 98
90 288 98 98
91 288 98 98
92 288 98 98
93 288 98 98
94 288 98 98
95 288 98 98
97 288 98 98
98 288 98 98
103 288 98 98
112 288 54 54
113 288 54 54
114 288 54 54
115 288 54 54
116 288 54 54
117 288 54 54
122 288 54 54
123 288 54 54
124 288 54 54
125 288 54 54
126 288 54 54
127 288 54 54
128 288 54 54
129 288 54 54
152 288 19 19
153 288 19 19
154 288 19 19
155 288 19 19
156 288 19 19
160 288 19 19
161 288 19 19
255 288 16 16
261 288 16 16
264 288 16 16
267 288 16 16
268 288 16 16
92 289 98 98
93 289 98 98
94 289 98 98
96 289 98 98
97 289 98 98
98 289 98 98
99 289 98 98
100 289 98 98
101 289 98 98
102 289 98 98
113 289 54 54
114 289 54 54
115 289 54 54
116 289 54 54
117 289 54 54
120 289 54 54
121 289 54 54
122 289 54 54
123 289 54 54
124 289 54 54
125 289 54 54
126 289 54 54
127 289 54 54
129 289 54 54
153 289 19 19
154 289 19 19
155 289 19 19
156 289 19 19
157 289 19 19
159 289 19 19
263 289 16 16
264 289 16 16
265 289 16 16
266 289 16 16
59 290 44 44
60 290 44 44
93 290 98 98
94 290 98 98
99 290 98 98
100 290 98 98
114 290 54 54
115 290 54 54
116 290 54 54
117 290 54 54
118 290 54 54
119 290 54 54
123 290 54 54
124 290 54 54
125 290 54 54
126 290 54 54
127 290 54 54
153 290 19 19
154 290 19 19
157 290 19 19
158 290 19 19
159 290 19 19
59 291 44 44
60 291 44 44
92 291 98 98
93 291 98 98
94 291 98 98
95 291 98 98
96 291 98 98
99 291 98 98
100 291 98 98
115 291 54 54
122 291 54 54
123 291 54 54
124 291 54 54
125 291 54 54
126 291 54 54
152 291 19 19
153 291 19 19
154 291 19 19
155 291 19 19
156 291 19 19
157 291 19 19
158 291 19 19
159 291 19 19
162 291 19 19
163 291 19 19
164 291 19 19
165 291 19 19
166 291 19 19
167 291 19 19
168 291 19 19
169 291 19 19
170 291 19 19
56 292 44 44
59 292 44 44
60 292 44 44
61 292 44 44
62 292 44 44
63 292 44 44
91 292 98 98
92 292 98 98
93 292 98 98
94 292 98 98
95 292 98 98
98 292 98 98
99 292 98 98
121 292 54 54
122 292 54 54
125 292 54 54
126 292 54 54
152 292 19 19
155 292 19 19
156 292 19 19
157 292 19 19
158 292 19 19
159 292 19 19
160 292 19 19
161 292 19 19
162 292 19 19
163 292 19 19
164 292 19 19
165 292 19 19
169 292 19 19
54 293 44 44
56 293 44 44
59 293 44 44
60 293 44 44
61 293 44 44
62 293 44 44
63 293 44 44
64 293 44 44
65 293 44 44
66 293 44 44
67 293 44 44
68 293 44 44
69 293 44 44
90 293 98 98
91 293 98 98
94 293 98 98
95 293 98 98
99 293 98 98
114 293 98 98
115 293 98 98
121 293 54 54
122 293 54 54
125 293 54 54
126 293 54 54
155 293 19 19
156 293 19 19
157 293 19 19
158 293 19 19
159 293 19 19
160 293 19 19
161 293 19 19
162 293 19 19
163 293 19 19
164 293 19 19
165 293 19 19
169 293 19 19
240 293 31 31
241 293 31 31
53 294 44 44
54 294 44 44
55 294 44 44
56 294 44 44
58 294 44 44
59 294 44 44
60 294 44 44
61 294 44 44
63 294 44 44
65 294 44 44
66 294 44 44
67 294 44 44
68 294 44 44
69 294 44 44
70 294 44 44
71 294 44 44
72 294 44 44
73 294 44 44
88 294 98 98
89 294 98 98
90 294 98 98
94 294 98 98
95 294 98 98
96 294 98 98
97 294 98 98
98 294 98 98
99 294 98 98
100 294 98 98
101 294 98 98
114 294 98 98
115 294 98 98
122 294 54 54
125 294 54 54
126 294 54 54
159 294 19 19
160 294 19 19
161 294 19 19
162 294 19 19
163 294 19 19
164 294 19 19
165 294 19 19
166 294 19 19
167 294 19 19
240 294 31 31
241 294 31 31
242 294 31 31
246 294 31 31
247 294 31 31
251 294 31 31
252 294 31 31
53 295 44 44
54 295 44 44
55 295 44 44
58 295 44 44
61 295 44 44
66 295 44 44
67 295 44 44
68 295 44 44
69 295 44 44
70 295 44 44
71 295 44 44
88 295 98 98
89 295 98 98
94 295 98 98
95 295 98 98
96 295 98 98
97 295 98 98
111 295 98 98
113 295 98 98
114 295 98 98
122 295 54 54
160 295 19 19
161 295 19 19
166 295 19 19
167 295 19 19
168 295 19 19
240 295 31 31
241 295 31 31
242 295 31 31
243 295 31 31
244 295 31 31
245 295 31 31
246 295 31 31
247 295 31 31
251 295 31 31
252 295 31 31
256 295 31 31
257 295 31 31
54 296 44 44
55 296 44 44
60 296 44 44
61 296 44 44
62 296 44 44
63 296 44 44
64 296 44 44
65 296 44 44
67 296 44 44
68 296 44 44
69 296 44 44
70 296 44 44
81 296 98 98
82 296 98 98
88 296 98 98
94 296 98 98
95 296 98 98
96 296 98 98
97 296 98 98
98 296 98 98
110 296 98 98
111 296 98 98
114 296 98 98
230 296 31 31
231 296 31 31
232 296 31 31
233 296 31 31
234 296 31 31
235 296 31 31
240 296 31 31
241 296 31 31
242 296 31 31
243 296 31 31
244 296 31 31
245 296 31 31
246 296 31 31
247 296 31 31
248 296 31 31
252 296 31 31
256 296 31 31
257 296 31 31
54 297 44 44
55 297 44 44
56 297 44 44
57 297 44 44
58 297 44 44
59 297 44 44
60 297 44 44
61 297 44 44
62 297 44 44
63 297 44 44
64 297 44 44
65 297 44 44
66 297 44 44
67 297 44 44
68 297 44 44
69 297 44 44
70 297 44 44
71 297 44 44
81 297 98 98
82 297 98 98
83 297 98 98
84 297 98 98
88 297 98 98
89 297 98 98
90 297 98 98
96 297 98 98
97 297 98 98
98 297 98 98
99 297 98 98
103 297 98 98
109 297 98 98
110 297 98 98
113 297 98 98
114 297 98 98
115 297 98 98
226 297 31 31
229 297 31 31
230 297 31 31
231 297 31 31
232 297 31 31
233 297 31 31
234 297 31 31
235 297 31 31
236 297 31 31
238 297 31 31
239 297 31 31
240 297 31 31
241 297 31 31
242 297 31 31
243 297 31 31
248 297 31 31
249 297 31 31
252 297 31 31
253 297 31 31
254 297 31 31
255 297 31 31
256 297 31 31
257 297 31 31
258 297 31 31
55 298 44 44
56 298 44 44
57 298 44 44
58 298 44 44
59 298 44 44
60 298 44 44
61 298 44 44
62 298 44 44
63 298 44 44
64 298 44 44
65 298 44 44
66 298 44 44
67 298 44 44
68 298 44 44
71 298 44 44
72 298 44 44
73 298 44 44
81 298 98 98
83 298 98 98
84 298 98 98
85 298 98 98
87 298 98 98
88 298 98 98
89 298 98 98
97 298 98 98
98 298 98 98
99 298 98 98
100 298 98 98
101 298 98 98
102 298 98 98
103 298 98 98
105 298 98 98
106 298 98 98
107 298 98 98
108 298 98 98
109 298 98 98
110 298 98 98
112 298 98 98
113 298 98 98
114 298 98 98
115 298 98 98
226 298 31 31
227 298 31 31
228 298 31 31
229 298 31 31
230 298 31 31
232 298 31 31
233 298 31 31
234 298 31 31
235 298 31 31
239 298 31 31
240 298 31 31
241 298 31 31
248 298 31 31
249 298 31 31
253 298 31 31
256 298 31 31
258 298 31 31
259 298 31 31
55 299 44 44
56 299 44 44
57 299 44 44
58 299 44 44
59 299 44 44
60 299 44 44
61 299 44 44
64 299 44 44
67 299 44 44
68 299 44 44
71 299 44 44
72 299 44 44
73 299 44 44
74 299 44 44
84 299 98 98
85 299 98 98
86 299 98 98
87 299 98 98
94 299 98 98
95 299 98 98
97 299 98 98
98 299 98 98
99 299 98 98
100 299 98 98
101 299 98 98
104 299 98 98
105 299 98 98
106 299 98 98
107 299 98 98
108 299 98 98
109 299 98 98
110 299 98 98
111 299 98 98
112 299 98 98
113 299 98 98
114 299 98 98
227 299 31 31
228 299 31 31
229 299 31 31
230 299 31 31
232 299 31 31
233 299 31 31
234 299 31 31
240 299 31 31
246 299 31 31
247 299 31 31
248 299 31 31
249 299 31 31
250 299 31 31
251 299 31 31
252 299 31 31
253 299 31 31
256 299 31 31
258 299 31 31
56 300 44 44
57 300 44 44
60 300 44 44
61 300 44 44
64 300 44 44
67 300 44 44
68 300 44 44
71 300 44 44
72 300 44 44
84 300 98 98
85 300 98 98
86 300 98 98
87 300 98 98
90 300 98 98
91 300 98 98
92 300 98 98
93 300 98 98
94 300 98 98
95 300 98 98
96 300 98 98
97 300 98 98
98 300 98 98
99 300 98 98
100 300 98 98
101 300 98 98
102 300 98 98
104 300 98 98
105 300 98 98
106 300 98 98
109 300 98 98
110 300 98 98
111 300 98 98
112 300 98 98
113 300 98 98
227 300 31 31
229 300 31 31
230 300 31 31
231 300 31 31
234 300 31 31
235 300 31 31
236 300 31 31
237 300 31 31
238 300 31 31
239 300 31 31
240 300 31 31
241 300 31 31
246 300 31 31
247 300 31 31
250 300 31 31
251 300 31 31
252 300 31 31
256 300 31 31
257 300 31 31
258 300 31 31
60 301 44 44
61 301 44 44
62 301 44 44
63 301 44 44
64 301 44 44
65 301 44 44
66 301 44 44
67 301 44 44
68 301 44 44
69 301 44 44
70 301 44 44
71 301 44 44
87 301 98 98
88 301 98 98
89 301 98 98
90 301 98 98
91 301 98 98
92 301 98 98
93 301 98 98
97 301 98 98
98 301 98 98
99 301 98 98
100 301 98 98
101 301 98 98
102 301 98 98
103 301 98 98
104 301 98 98
105 301 98 98
106 301 98 98
109 301 98 98
111 301 98 98
112 301 98 98
113 301 98 98
227 301 31 31
229 301 31 31
230 301 31 31
231 301 31 31
232 301 31 31
233 301 31 31
236 301 31 31
237 301 31 31
238 301 31 31
239 301 31 31
242 301 31 31
243 301 31 31
244 301 31 31
245 301 31 31
246 301 31 31
247 301 31 31
249 301 31 31
250 301 31 31
251 301 31 31
252 301 31 31
253 301 31 31
254 301 31 31
255 301 31 31
256 301 31 31
257 301 31 31
258 301 31 31
59 302 44 44
60 302 44 44
61 302 44 44
62 302 44 44
63 302 44 44
64 302 44 44
65 302 44 44
66 302 44 44
67 302 44 44
68 302 44 44
69 302 44 44
70 302 44 44
71 302 44 44
86 302 98 98
87 302 98 98
88 302 98 98
89 302 98 98
90 302 98 98
91 302 98 98
92 302 98 98
98 302 98 98
99 302 98 98
100 302 98 98
101 302 98 98
104 302 98 98
105 302 98 98
106 302 98 98
107 302 98 98
108 302 98 98
109 302 98 98
111 302 98 98
112 302 98 98
113 302 98 98
227 302 31 31
228 302 31 31
229 302 31 31
230 302 31 31
231 302 31 31
232 302 31 31
236 302 31 31
237 302 31 31
238 302 31 31
239 302 31 31
244 302 31 31
245 302 31 31
246 302 31 31
248 302 31 31
249 302 31 31
252 302 31 31
257 302 31 31
258 302 31 31
58 303 44 44
59 303 44 44
60 303 44 44
61 303 44 44
62 303 44 44
63 303 44 44
64 303 44 44
65 303 44 44
67 303 44 44
71 303 44 44
72 303 44 44
90 303 98 98
91 303 98 98
92 303 98 98
93 303 98 98
94 303 98 98
98 303 98 98
99 303 98 98
100 303 98 98
101 303 98 98
105 303 98 98
106 303 98 98
107 303 98 98
108 303 98 98
111 303 98 98
112 303 98 98
228 303 31 31
229 303 31 31
230 303 31 31
231 303 31 31
233 303 31 31
234 303 31 31
236 303 31 31
237 303 31 31
238 303 31 31
239 303 31 31
240 303 31 31
241 303 31 31
242 303 31 31
246 303 31 31
247 303 31 31
248 303 31 31
257 303 31 31
258 303 31 31
259 303 31 31
62 304 44 44
63 304 44 44
66 304 44 44
67 304 44 44
68 304 44 44
69 304 44 44
70 304 44 44
71 304 44 44
90 304 98 98
91 304 98 98
92 304 98 98
93 304 98 98
94 304 98 98
95 304 98 98
96 304 98 98
97 304 98 98
100 304 98 98
101 304 98 98
102 304 98 98
106 304 98 98
230 304 31 31
234 304 31 31
235 304 31 31
236 304 31 31
237 304 31 31
238 304 31 31
239 304 31 31
241 304 31 31
242 304 31 31
246 304 31 31
248 304 31 31
249 304 31 31
250 304 31 31
258 304 31 31
259 304 31 31
65 305 44 44
66 305 44 44
67 305 44 44
68 305 44 44
69 305 44 44
70 305 44 44
91 305 98 98
92 305 98 98
93 305 98 98
94 305 98 98
95 305 98 98
96 305 98 98
97 305 98 98
99 305 98 98
100 305 98 98
230 305 31 31
233 305 31 31
234 305 31 31
235 305 31 31
236 305 31 31
246 305 31 31
247 305 31 31
64 306 44 44
65 306 44 44
66 306 44 44
67 306 44 44
68 306 44 44
69 306 44 44
70 306 44 44
71 306 44 44
72 306 44 44
73 306 44 44
96 306 98 98
99 306 98 98
100 306 98 98
231 306 31 31
232 306 31 31
233 306 31 31
234 306 31 31
235 306 31 31
236 306 31 31
237 306 31 31
68 307 44 44
69 307 44 44
70 307 44 44
71 307 44 44
73 307 44 44
74 307 44 44
75 307 44 44
96 307 98 98
231 307 31 31
232 307 31 31
233 307 31 31
425 307 97 97
64 308 44 44
65 308 44 44
66 308 44 44
67 308 44 44
68 308 44 44
69 308 44 44
70 308 44 44
71 308 44 44
72 308 44 44
73 308 44 44
74 308 44 44
231 308 31 31
422 308 97 97
423 308 97 97
425 308 97 97
66 309 44 44
67 309 44 44
68 309 44 44
72 309 44 44
73 309 44 44
74 309 44 44
75 309 44 44
231 309 31 31
423 309 97 97
424 309 97 97
425 309 97 97
426 309 97 97
67 310 44 44
68 310 44 44
69 310 44 44
70 310 44 44
71 310 44 44
72 310 44 44
73 310 44 44
74 310 44 44
76 310 44 44
77 310 44 44
230 310 31 31
231 310 31 31
425 310 97 97
64 311 44 44
65 311 44 44
66 311 44 44
67 311 44 44
73 311 44 44
74 311 44 44
75 311 44 44
76 311 44 44
425 311 97 97
64 312 44 44
65 312 44 44
73 312 44 44
74 312 44 44
75 312 44 44
76 312 44 44
425 312 97 97
426 312 97 97
74 313 44 44
75 313 44 44
76 313 44 44
77 313 44 44
78 313 44 44
79 313 44 44
425 313 97 97
426 313 97 97
427 313 97 97
428 313 97 97
76 314 44 44
77 314 44 44
78 314 44 44
79 314 44 44
428 314 97 97
76 315 44 44
77 315 44 44
78 315 44 44
428 315 97 97
