2480 321 481
12 0 151 151
13 0 151 151
63 0 191 191
64 0 191 191
65 0 191 191
66 0 191 191
67 0 191 191
68 0 191 191
69 0 191 191
70 0 191 191
71 0 191 191
72 0 191 191
73 0 191 191
74 0 191 191
75 0 191 191
76 0 191 191
77 0 191 191
78 0 191 191
79 0 191 191
80 0 191 191
81 0 191 191
82 0 191 191
83 0 191 191
84 0 191 191
85 0 191 191
86 0 191 191
87 0 191 191
88 0 191 191
89 0 191 191
90 0 191 191
91 0 191 191
92 0 191 191
93 0 191 191
94 0 191 191
95 0 191 191
123 0 166 166
149 0 95 95
150 0 95 95
152 0 95 95
154 0 95 95
170 0 124 124
179 0 176 176
182 0 176 176
13 1 151 151
63 1 191 191
64 1 191 191
65 1 191 191
66 1 191 191
67 1 191 191
68 1 191 191
69 1 191 191
70 1 191 191
71 1 191 191
72 1 191 191
73 1 191 191
74 1 191 191
75 1 191 191
76 1 191 191
77 1 191 191
78 1 191 191
79 1 191 191
80 1 191 191
81 1 191 191
82 1 191 191
83 1 191 191
84 1 191 191
85 1 191 191
86 1 191 191
87 1 191 191
88 1 191 191
89 1 191 191
90 1 191 191
91 1 191 191
92 1 191 191
93 1 191 191
94 1 191 191
95 1 191 191
123 1 166 166
150 1 95 95
151 1 95 95
152 1 95 95
153 1 95 95
154 1 95 95
170 1 124 124
179 1 176 176
181 1 176 176
182 1 176 176
13 2 151 151
40 2 191 191
41 2 191 191
42 2 191 191
63 2 191 191
64 2 191 191
65 2 191 191
66 2 191 191
67 2 191 191
68 2 191 191
69 2 191 191
70 2 191 191
71 2 191 191
72 2 191 191
73 2 191 191
74 2 191 191
75 2 191 191
76 2 191 191
77 2 191 191
78 2 191 191
79 2 191 191
80 2 191 191
81 2 191 191
82 2 191 191
83 2 191 191
84 2 191 191
85 2 191 191
86 2 191 191
87 2 191 191
88 2 191 191
89 2 191 191
90 2 191 191
91 2 191 191
92 2 191 191
93 2 191 191
94 2 191 191
95 2 191 191
148 2 95 95
149 2 95 95
150 2 95 95
151 2 95 95
153 2 95 95
154 2 95 95
179 2 176 176
180 2 176 176
181 2 176 176
182 2 176 176
12 3 151 151
13 3 151 151
42 3 191 191
43 3 191 191
44 3 191 191
63 3 191 191
64 3 191 191
65 3 191 191
66 3 191 191
67 3 191 191
68 3 191 191
69 3 191 191
70 3 191 191
71 3 191 191
72 3 191 191
73 3 191 191
74 3 191 191
75 3 191 191
76 3 191 191
77 3 191 191
78 3 191 191
79 3 191 191
80 3 191 191
81 3 191 191
82 3 191 191
83 3 191 191
84 3 191 191
85 3 191 191
86 3 191 191
87 3 191 191
88 3 191 191
89 3 191 191
90 3 191 191
91 3 191 191
92 3 191 191
93 3 191 191
94 3 191 191
95 3 191 191
96 3 191 191
149 3 95 95
151 3 95 95
152 3 95 95
153 3 95 95
179 3 176 176
182 3 176 176
183 3 176 176
43 4 191 191
44 4 191 191
64 4 191 191
65 4 191 191
66 4 191 191
67 4 191 191
68 4 191 191
69 4 191 191
70 4 191 191
71 4 191 191
72 4 191 191
73 4 191 191
74 4 191 191
75 4 191 191
76 4 191 191
77 4 191 191
78 4 191 191
79 4 191 191
80 4 191 191
81 4 191 191
82 4 191 191
83 4 191 191
84 4 191 191
85 4 191 191
86 4 191 191
87 4 191 191
88 4 191 191
89 4 191 191
90 4 191 191
91 4 191 191
92 4 191 191
93 4 191 191
94 4 191 191
95 4 191 191
96 4 191 191
149 4 95 95
179 4 176 176
180 4 176 176
181 4 176 176
19 5 7 7
44 5 191 191
45 5 191 191
46 5 191 191
64 5 191 191
65 5 191 191
66 5 191 191
67 5 191 191
68 5 191 191
69 5 191 191
70 5 191 191
71 5 191 191
72 5 191 191
73 5 191 191
74 5 191 191
75 5 191 191
76 5 191 191
77 5 191 191
78 5 191 191
79 5 191 191
80 5 191 191
81 5 191 191
82 5 191 191
83 5 191 191
84 5 191 191
85 5 191 191
86 5 191 191
87 5 191 191
88 5 191 191
89 5 191 191
90 5 191 191
91 5 191 191
92 5 191 191
93 5 191 191
94 5 191 191
95 5 191 191
179 5 176 176
18 6 7 7
19 6 7 7
42 6 191 191
43 6 191 191
44 6 191 191
45 6 191 191
48 6 191 191
49 6 191 191
63 6 191 191
64 6 191 191
65 6 191 191
66 6 191 191
67 6 191 191
68 6 191 191
69 6 191 191
70 6 191 191
71 6 191 191
72 6 191 191
73 6 191 191
74 6 191 191
75 6 191 191
76 6 191 191
77 6 191 191
78 6 191 191
79 6 191 191
80 6 191 191
81 6 191 191
82 6 191 191
83 6 191 191
84 6 191 191
85 6 191 191
86 6 191 191
87 6 191 191
88 6 191 191
89 6 191 191
90 6 191 191
91 6 191 191
92 6 191 191
93 6 191 191
94 6 191 191
95 6 191 191
179 6 176 176
41 7 191 191
42 7 191 191
44 7 191 191
45 7 191 191
48 7 191 191
50 7 191 191
53 7 191 191
54 7 191 191
56 7 191 191
61 7 191 191
62 7 191 191
64 7 191 191
65 7 191 191
66 7 191 191
67 7 191 191
68 7 191 191
69 7 191 191
70 7 191 191
71 7 191 191
72 7 191 191
73 7 191 191
74 7 191 191
75 7 191 191
76 7 191 191
77 7 191 191
78 7 191 191
79 7 191 191
80 7 191 191
81 7 191 191
82 7 191 191
83 7 191 191
84 7 191 191
85 7 191 191
86 7 191 191
87 7 191 191
88 7 191 191
89 7 191 191
90 7 191 191
91 7 191 191
92 7 191 191
93 7 191 191
94 7 191 191
95 7 191 191
40 8 191 191
41 8 191 191
44 8 191 191
45 8 191 191
48 8 191 191
49 8 191 191
50 8 191 191
51 8 191 191
52 8 191 191
53 8 191 191
54 8 191 191
55 8 191 191
56 8 191 191
57 8 191 191
60 8 191 191
62 8 191 191
63 8 191 191
64 8 191 191
65 8 191 191
66 8 191 191
67 8 191 191
68 8 191 191
69 8 191 191
70 8 191 191
71 8 191 191
72 8 191 191
74 8 191 191
76 8 191 191
77 8 191 191
78 8 191 191
80 8 191 191
83 8 191 191
84 8 191 191
85 8 191 191
87 8 191 191
89 8 191 191
93 8 191 191
95 8 191 191
39 9 191 191
40 9 191 191
41 9 191 191
44 9 191 191
45 9 191 191
48 9 191 191
49 9 191 191
50 9 191 191
51 9 191 191
52 9 191 191
53 9 191 191
54 9 191 191
55 9 191 191
56 9 191 191
57 9 191 191
60 9 191 191
62 9 191 191
63 9 191 191
66 9 191 191
67 9 191 191
68 9 191 191
69 9 191 191
70 9 191 191
71 9 191 191
72 9 191 191
73 9 191 191
74 9 191 191
75 9 191 191
79 9 191 191
84 9 191 191
87 9 191 191
88 9 191 191
89 9 191 191
92 9 191 191
94 9 191 191
95 9 191 191
39 10 191 191
44 10 191 191
45 10 191 191
46 10 191 191
47 10 191 191
48 10 191 191
49 10 191 191
50 10 191 191
51 10 191 191
52 10 191 191
53 10 191 191
54 10 191 191
55 10 191 191
56 10 191 191
57 10 191 191
58 10 191 191
60 10 191 191
62 10 191 191
63 10 191 191
67 10 191 191
68 10 191 191
69 10 191 191
70 10 191 191
71 10 191 191
72 10 191 191
75 10 191 191
76 10 191 191
77 10 191 191
78 10 191 191
79 10 191 191
80 10 191 191
83 10 191 191
84 10 191 191
85 10 191 191
86 10 191 191
87 10 191 191
88 10 191 191
89 10 191 191
92 10 191 191
94 10 191 191
95 10 191 191
38 11 191 191
39 11 191 191
44 11 191 191
45 11 191 191
46 11 191 191
47 11 191 191
48 11 191 191
49 11 191 191
50 11 191 191
51 11 191 191
52 11 191 191
53 11 191 191
54 11 191 191
55 11 191 191
56 11 191 191
57 11 191 191
58 11 191 191
60 11 191 191
62 11 191 191
63 11 191 191
67 11 191 191
68 11 191 191
69 11 191 191
70 11 191 191
71 11 191 191
77 11 191 191
80 11 191 191
81 11 191 191
82 11 191 191
83 11 191 191
84 11 191 191
85 11 191 191
86 11 191 191
87 11 191 191
88 11 191 191
92 11 191 191
93 11 191 191
94 11 191 191
95 11 191 191
37 12 191 191
38 12 191 191
40 12 191 191
41 12 191 191
44 12 191 191
45 12 191 191
46 12 191 191
47 12 191 191
48 12 191 191
49 12 191 191
50 12 191 191
51 12 191 191
52 12 191 191
53 12 191 191
54 12 191 191
55 12 191 191
56 12 191 191
57 12 191 191
58 12 191 191
60 12 191 191
62 12 191 191
63 12 191 191
64 12 191 191
65 12 191 191
66 12 191 191
67 12 191 191
68 12 191 191
69 12 191 191
70 12 191 191
71 12 191 191
72 12 191 191
73 12 191 191
75 12 191 191
76 12 191 191
77 12 191 191
78 12 191 191
79 12 191 191
80 12 191 191
81 12 191 191
82 12 191 191
83 12 191 191
84 12 191 191
85 12 191 191
88 12 191 191
93 12 191 191
95 12 191 191
236 12 129 129
237 12 129 129
38 13 191 191
39 13 191 191
40 13 191 191
41 13 191 191
42 13 191 191
44 13 191 191
45 13 191 191
46 13 191 191
47 13 191 191
48 13 191 191
49 13 191 191
50 13 191 191
51 13 191 191
52 13 191 191
53 13 191 191
54 13 191 191
55 13 191 191
56 13 191 191
57 13 191 191
58 13 191 191
59 13 191 191
60 13 191 191
62 13 191 191
63 13 191 191
64 13 191 191
65 13 191 191
66 13 191 191
67 13 191 191
68 13 191 191
69 13 191 191
70 13 191 191
71 13 191 191
73 13 191 191
75 13 191 191
83 13 191 191
84 13 191 191
85 13 191 191
86 13 191 191
87 13 191 191
88 13 191 191
91 13 191 191
93 13 191 191
95 13 191 191
237 13 129 129
286 13 159 159
287 13 159 159
38 14 191 191
40 14 191 191
41 14 191 191
42 14 191 191
43 14 191 191
44 14 191 191
45 14 191 191
46 14 191 191
47 14 191 191
48 14 191 191
49 14 191 191
50 14 191 191
51 14 191 191
52 14 191 191
53 14 191 191
54 14 191 191
55 14 191 191
56 14 191 191
58 14 191 191
59 14 191 191
64 14 191 191
65 14 191 191
66 14 191 191
67 14 191 191
68 14 191 191
69 14 191 191
70 14 191 191
71 14 191 191
72 14 191 191
73 14 191 191
75 14 191 191
76 14 191 191
77 14 191 191
78 14 191 191
79 14 191 191
81 14 191 191
82 14 191 191
83 14 191 191
84 14 191 191
85 14 191 191
86 14 191 191
87 14 191 191
88 14 191 191
91 14 191 191
93 14 191 191
95 14 191 191
39 15 191 191
40 15 191 191
41 15 191 191
42 15 191 191
43 15 191 191
44 15 191 191
45 15 191 191
46 15 191 191
47 15 191 191
48 15 191 191
49 15 191 191
50 15 191 191
51 15 191 191
52 15 191 191
53 15 191 191
54 15 191 191
55 15 191 191
56 15 191 191
59 15 191 191
63 15 191 191
64 15 191 191
65 15 191 191
66 15 191 191
67 15 191 191
68 15 191 191
69 15 191 191
70 15 191 191
71 15 191 191
72 15 191 191
74 15 191 191
75 15 191 191
76 15 191 191
79 15 191 191
80 15 191 191
81 15 191 191
82 15 191 191
83 15 191 191
84 15 191 191
85 15 191 191
86 15 191 191
87 15 191 191
88 15 191 191
91 15 191 191
92 15 191 191
93 15 191 191
94 15 191 191
31 16 191 191
39 16 191 191
40 16 191 191
41 16 191 191
42 16 191 191
43 16 191 191
44 16 191 191
45 16 191 191
46 16 191 191
47 16 191 191
48 16 191 191
49 16 191 191
50 16 191 191
51 16 191 191
52 16 191 191
53 16 191 191
54 16 191 191
55 16 191 191
56 16 191 191
57 16 191 191
58 16 191 191
59 16 191 191
60 16 191 191
61 16 191 191
62 16 191 191
63 16 191 191
64 16 191 191
65 16 191 191
66 16 191 191
67 16 191 191
68 16 191 191
69 16 191 191
70 16 191 191
71 16 191 191
72 16 191 191
73 16 191 191
74 16 191 191
75 16 191 191
76 16 191 191
77 16 191 191
78 16 191 191
79 16 191 191
80 16 191 191
81 16 191 191
82 16 191 191
83 16 191 191
84 16 191 191
85 16 191 191
86 16 191 191
87 16 191 191
91 16 191 191
92 16 191 191
93 16 191 191
94 16 191 191
30 17 191 191
31 17 191 191
32 17 191 191
39 17 191 191
40 17 191 191
41 17 191 191
42 17 191 191
43 17 191 191
44 17 191 191
45 17 191 191
46 17 191 191
47 17 191 191
50 17 191 191
51 17 191 191
52 17 191 191
53 17 191 191
54 17 191 191
55 17 191 191
56 17 191 191
57 17 191 191
58 17 191 191
59 17 191 191
60 17 191 191
61 17 191 191
62 17 191 191
63 17 191 191
64 17 191 191
65 17 191 191
66 17 191 191
67 17 191 191
68 17 191 191
69 17 191 191
70 17 191 191
71 17 191 191
72 17 191 191
73 17 191 191
74 17 191 191
75 17 191 191
76 17 191 191
77 17 191 191
78 17 191 191
79 17 191 191
80 17 191 191
81 17 191 191
82 17 191 191
83 17 191 191
84 17 191 191
85 17 191 191
86 17 191 191
87 17 191 191
90 17 191 191
91 17 191 191
92 17 191 191
93 17 191 191
94 17 191 191
32 18 191 191
33 18 191 191
39 18 191 191
40 18 191 191
41 18 191 191
42 18 191 191
43 18 191 191
44 18 191 191
45 18 191 191
46 18 191 191
47 18 191 191
48 18 191 191
49 18 191 191
50 18 191 191
51 18 191 191
52 18 191 191
53 18 191 191
54 18 191 191
55 18 191 191
56 18 191 191
57 18 191 191
58 18 191 191
59 18 191 191
60 18 191 191
61 18 191 191
62 18 191 191
63 18 191 191
64 18 191 191
65 18 191 191
66 18 191 191
67 18 191 191
68 18 191 191
69 18 191 191
70 18 191 191
71 18 191 191
72 18 191 191
73 18 191 191
74 18 191 191
75 18 191 191
76 18 191 191
77 18 191 191
78 18 191 191
79 18 191 191
82 18 191 191
83 18 191 191
84 18 191 191
85 18 191 191
86 18 191 191
87 18 191 191
88 18 191 191
89 18 191 191
90 18 191 191
91 18 191 191
92 18 191 191
93 18 191 191
94 18 191 191
95 18 191 191
31 19 191 191
32 19 191 191
40 19 191 191
41 19 191 191
42 19 191 191
43 19 191 191
44 19 191 191
45 19 191 191
46 19 191 191
47 19 191 191
48 19 191 191
49 19 191 191
50 19 191 191
51 19 191 191
52 19 191 191
53 19 191 191
54 19 191 191
55 19 191 191
56 19 191 191
57 19 191 191
58 19 191 191
59 19 191 191
60 19 191 191
61 19 191 191
62 19 191 191
63 19 191 191
64 19 191 191
65 19 191 191
66 19 191 191
67 19 191 191
68 19 191 191
69 19 191 191
70 19 191 191
71 19 191 191
72 19 191 191
73 19 191 191
74 19 191 191
75 19 191 191
76 19 191 191
77 19 191 191
78 19 191 191
79 19 191 191
82 19 191 191
83 19 191 191
84 19 191 191
85 19 191 191
86 19 191 191
87 19 191 191
88 19 191 191
89 19 191 191
90 19 191 191
91 19 191 191
92 19 191 191
93 19 191 191
94 19 191 191
95 19 191 191
96 19 191 191
97 19 191 191
20 20 191 191
32 20 191 191
33 20 191 191
39 20 191 191
40 20 191 191
41 20 191 191
42 20 191 191
43 20 191 191
44 20 191 191
45 20 191 191
46 20 191 191
47 20 191 191
48 20 191 191
49 20 191 191
50 20 191 191
51 20 191 191
52 20 191 191
53 20 191 191
54 20 191 191
55 20 191 191
56 20 191 191
57 20 191 191
58 20 191 191
59 20 191 191
60 20 191 191
61 20 191 191
62 20 191 191
63 20 191 191
64 20 191 191
65 20 191 191
66 20 191 191
67 20 191 191
68 20 191 191
69 20 191 191
70 20 191 191
71 20 191 191
72 20 191 191
73 20 191 191
74 20 191 191
75 20 191 191
76 20 191 191
77 20 191 191
78 20 191 191
79 20 191 191
80 20 191 191
81 20 191 191
82 20 191 191
88 20 191 191
89 20 191 191
90 20 191 191
91 20 191 191
92 20 191 191
93 20 191 191
94 20 191 191
95 20 191 191
17 21 191 191
18 21 191 191
20 21 191 191
26 21 191 191
27 21 191 191
28 21 191 191
29 21 191 191
31 21 191 191
33 21 191 191
34 21 191 191
35 21 191 191
36 21 191 191
37 21 191 191
38 21 191 191
40 21 191 191
41 21 191 191
42 21 191 191
43 21 191 191
44 21 191 191
45 21 191 191
46 21 191 191
47 21 191 191
48 21 191 191
49 21 191 191
50 21 191 191
51 21 191 191
52 21 191 191
53 21 191 191
54 21 191 191
55 21 191 191
56 21 191 191
57 21 191 191
58 21 191 191
59 21 191 191
60 21 191 191
61 21 191 191
62 21 191 191
63 21 191 191
64 21 191 191
65 21 191 191
66 21 191 191
67 21 191 191
68 21 191 191
69 21 191 191
70 21 191 191
71 21 191 191
72 21 191 191
73 21 191 191
74 21 191 191
75 21 191 191
76 21 191 191
77 21 191 191
78 21 191 191
79 21 191 191
80 21 191 191
81 21 191 191
82 21 191 191
83 21 191 191
89 21 191 191
90 21 191 191
91 21 191 191
92 21 191 191
93 21 191 191
94 21 191 191
95 21 191 191
96 21 191 191
17 22 191 191
20 22 191 191
21 22 191 191
22 22 191 191
26 22 191 191
27 22 191 191
29 22 191 191
30 22 191 191
31 22 191 191
32 22 191 191
34 22 191 191
36 22 191 191
38 22 191 191
39 22 191 191
40 22 191 191
41 22 191 191
42 22 191 191
43 22 191 191
44 22 191 191
45 22 191 191
46 22 191 191
47 22 191 191
50 22 191 191
51 22 191 191
52 22 191 191
53 22 191 191
54 22 191 191
55 22 191 191
56 22 191 191
59 22 191 191
60 22 191 191
61 22 191 191
62 22 191 191
63 22 191 191
64 22 191 191
65 22 191 191
66 22 191 191
67 22 191 191
68 22 191 191
69 22 191 191
70 22 191 191
71 22 191 191
72 22 191 191
73 22 191 191
74 22 191 191
75 22 191 191
76 22 191 191
77 22 191 191
78 22 191 191
79 22 191 191
80 22 191 191
81 22 191 191
82 22 191 191
90 22 191 191
91 22 191 191
92 22 191 191
93 22 191 191
94 22 191 191
95 22 191 191
11 23 191 191
13 23 191 191
17 23 191 191
19 23 191 191
21 23 191 191
22 23 191 191
23 23 191 191
25 23 191 191
26 23 191 191
28 23 191 191
29 23 191 191
31 23 191 191
32 23 191 191
34 23 191 191
35 23 191 191
37 23 191 191
38 23 191 191
39 23 191 191
40 23 191 191
41 23 191 191
42 23 191 191
43 23 191 191
44 23 191 191
45 23 191 191
46 23 191 191
47 23 191 191
50 23 191 191
51 23 191 191
52 23 191 191
53 23 191 191
54 23 191 191
55 23 191 191
56 23 191 191
59 23 191 191
60 23 191 191
61 23 191 191
62 23 191 191
63 23 191 191
64 23 191 191
65 23 191 191
66 23 191 191
67 23 191 191
68 23 191 191
69 23 191 191
70 23 191 191
71 23 191 191
72 23 191 191
73 23 191 191
74 23 191 191
75 23 191 191
76 23 191 191
77 23 191 191
78 23 191 191
79 23 191 191
80 23 191 191
81 23 191 191
82 23 191 191
85 23 191 191
86 23 191 191
87 23 191 191
88 23 191 191
89 23 191 191
90 23 191 191
91 23 191 191
92 23 191 191
93 23 191 191
94 23 191 191
95 23 191 191
8 24 191 191
9 24 191 191
10 24 191 191
11 24 191 191
12 24 191 191
13 24 191 191
14 24 191 191
16 24 191 191
17 24 191 191
18 24 191 191
19 24 191 191
20 24 191 191
21 24 191 191
22 24 191 191
23 24 191 191
24 24 191 191
25 24 191 191
26 24 191 191
27 24 191 191
28 24 191 191
29 24 191 191
30 24 191 191
31 24 191 191
32 24 191 191
33 24 191 191
34 24 191 191
35 24 191 191
36 24 191 191
37 24 191 191
38 24 191 191
39 24 191 191
40 24 191 191
41 24 191 191
42 24 191 191
43 24 191 191
44 24 191 191
45 24 191 191
46 24 191 191
47 24 191 191
50 24 191 191
51 24 191 191
53 24 191 191
54 24 191 191
55 24 191 191
56 24 191 191
58 24 191 191
59 24 191 191
63 24 191 191
64 24 191 191
65 24 191 191
67 24 191 191
68 24 191 191
71 24 191 191
73 24 191 191
75 24 191 191
76 24 191 191
78 24 191 191
79 24 191 191
80 24 191 191
81 24 191 191
82 24 191 191
90 24 191 191
91 24 191 191
93 24 191 191
95 24 191 191
11 25 191 191
12 25 191 191
13 25 191 191
14 25 191 191
15 25 191 191
16 25 191 191
17 25 191 191
18 25 191 191
19 25 191 191
20 25 191 191
21 25 191 191
22 25 191 191
23 25 191 191
24 25 191 191
25 25 191 191
26 25 191 191
27 25 191 191
28 25 191 191
29 25 191 191
30 25 191 191
31 25 191 191
32 25 191 191
33 25 191 191
34 25 191 191
35 25 191 191
36 25 191 191
37 25 191 191
38 25 191 191
39 25 191 191
40 25 191 191
41 25 191 191
42 25 191 191
43 25 191 191
44 25 191 191
45 25 191 191
46 25 191 191
47 25 191 191
50 25 191 191
51 25 191 191
52 25 191 191
53 25 191 191
54 25 191 191
55 25 191 191
58 25 191 191
68 25 191 191
69 25 191 191
70 25 191 191
73 25 191 191
91 25 191 191
139 25 113 113
140 25 113 113
11 26 191 191
12 26 191 191
14 26 191 191
15 26 191 191
16 26 191 191
17 26 191 191
18 26 191 191
19 26 191 191
20 26 191 191
21 26 191 191
22 26 191 191
23 26 191 191
24 26 191 191
25 26 191 191
26 26 191 191
27 26 191 191
28 26 191 191
29 26 191 191
30 26 191 191
31 26 191 191
32 26 191 191
33 26 191 191
34 26 191 191
35 26 191 191
36 26 191 191
37 26 191 191
38 26 191 191
39 26 191 191
40 26 191 191
41 26 191 191
42 26 191 191
43 26 191 191
44 26 191 191
45 26 191 191
46 26 191 191
47 26 191 191
50 26 191 191
51 26 191 191
52 26 191 191
53 26 191 191
54 26 191 191
139 26 113 113
11 27 191 191
12 27 191 191
14 27 191 191
15 27 191 191
16 27 191 191
17 27 191 191
18 27 191 191
19 27 191 191
20 27 191 191
21 27 191 191
22 27 191 191
23 27 191 191
24 27 191 191
25 27 191 191
26 27 191 191
27 27 191 191
28 27 191 191
29 27 191 191
30 27 191 191
31 27 191 191
32 27 191 191
33 27 191 191
34 27 191 191
35 27 191 191
36 27 191 191
37 27 191 191
38 27 191 191
39 27 191 191
40 27 191 191
41 27 191 191
42 27 191 191
43 27 191 191
44 27 191 191
45 27 191 191
46 27 191 191
47 27 191 191
50 27 191 191
51 27 191 191
52 27 191 191
53 27 191 191
11 28 191 191
12 28 191 191
14 28 191 191
15 28 191 191
16 28 191 191
17 28 191 191
18 28 191 191
19 28 191 191
20 28 191 191
21 28 191 191
22 28 191 191
23 28 191 191
24 28 191 191
25 28 191 191
26 28 191 191
27 28 191 191
28 28 191 191
29 28 191 191
30 28 191 191
31 28 191 191
32 28 191 191
33 28 191 191
34 28 191 191
35 28 191 191
36 28 191 191
37 28 191 191
38 28 191 191
39 28 191 191
40 28 191 191
41 28 191 191
42 28 191 191
43 28 191 191
44 28 191 191
45 28 191 191
46 28 191 191
47 28 191 191
50 28 191 191
51 28 191 191
52 28 191 191
53 28 191 191
8 29 191 191
11 29 191 191
12 29 191 191
13 29 191 191
14 29 191 191
15 29 191 191
16 29 191 191
17 29 191 191
18 29 191 191
19 29 191 191
20 29 191 191
21 29 191 191
22 29 191 191
23 29 191 191
24 29 191 191
25 29 191 191
26 29 191 191
27 29 191 191
28 29 191 191
29 29 191 191
30 29 191 191
31 29 191 191
32 29 191 191
33 29 191 191
34 29 191 191
35 29 191 191
36 29 191 191
37 29 191 191
38 29 191 191
39 29 191 191
40 29 191 191
41 29 191 191
42 29 191 191
43 29 191 191
44 29 191 191
45 29 191 191
46 29 191 191
47 29 191 191
48 29 191 191
49 29 191 191
50 29 191 191
51 29 191 191
52 29 191 191
53 29 191 191
8 30 191 191
11 30 191 191
12 30 191 191
13 30 191 191
14 30 191 191
15 30 191 191
16 30 191 191
17 30 191 191
18 30 191 191
19 30 191 191
20 30 191 191
21 30 191 191
22 30 191 191
23 30 191 191
24 30 191 191
25 30 191 191
26 30 191 191
27 30 191 191
28 30 191 191
29 30 191 191
30 30 191 191
31 30 191 191
32 30 191 191
33 30 191 191
34 30 191 191
35 30 191 191
36 30 191 191
37 30 191 191
38 30 191 191
39 30 191 191
40 30 191 191
41 30 191 191
42 30 191 191
43 30 191 191
44 30 191 191
45 30 191 191
46 30 191 191
47 30 191 191
48 30 191 191
49 30 191 191
50 30 191 191
51 30 191 191
52 30 191 191
53 30 191 191
8 31 191 191
10 31 191 191
11 31 191 191
12 31 191 191
13 31 191 191
14 31 191 191
15 31 191 191
16 31 191 191
17 31 191 191
18 31 191 191
19 31 191 191
20 31 191 191
21 31 191 191
22 31 191 191
23 31 191 191
24 31 191 191
25 31 191 191
26 31 191 191
27 31 191 191
28 31 191 191
29 31 191 191
30 31 191 191
31 31 191 191
32 31 191 191
33 31 191 191
34 31 191 191
35 31 191 191
36 31 191 191
37 31 191 191
38 31 191 191
39 31 191 191
40 31 191 191
41 31 191 191
42 31 191 191
43 31 191 191
44 31 191 191
45 31 191 191
46 31 191 191
47 31 191 191
48 31 191 191
49 31 191 191
50 31 191 191
51 31 191 191
306 31 48 48
7 32 191 191
8 32 191 191
9 32 191 191
10 32 191 191
11 32 191 191
12 32 191 191
13 32 191 191
15 32 191 191
16 32 191 191
17 32 191 191
18 32 191 191
19 32 191 191
20 32 191 191
21 32 191 191
22 32 191 191
23 32 191 191
24 32 191 191
25 32 191 191
26 32 191 191
27 32 191 191
28 32 191 191
29 32 191 191
30 32 191 191
31 32 191 191
32 32 191 191
33 32 191 191
34 32 191 191
35 32 191 191
36 32 191 191
37 32 191 191
38 32 191 191
39 32 191 191
40 32 191 191
41 32 191 191
42 32 191 191
44 32 191 191
46 32 191 191
51 32 191 191
53 32 191 191
54 32 191 191
306 32 48 48
8 33 191 191
9 33 191 191
12 33 191 191
16 33 191 191
17 33 191 191
18 33 191 191
19 33 191 191
20 33 191 191
21 33 191 191
22 33 191 191
23 33 191 191
24 33 191 191
25 33 191 191
26 33 191 191
27 33 191 191
28 33 191 191
29 33 191 191
30 33 191 191
31 33 191 191
32 33 191 191
33 33 191 191
34 33 191 191
35 33 191 191
36 33 191 191
37 33 191 191
38 33 191 191
39 33 191 191
40 33 191 191
45 33 191 191
46 33 191 191
47 33 191 191
51 33 191 191
52 33 191 191
53 33 191 191
7 34 191 191
8 34 191 191
9 34 191 191
10 34 191 191
11 34 191 191
12 34 191 191
13 34 191 191
14 34 191 191
15 34 191 191
16 34 191 191
17 34 191 191
18 34 191 191
19 34 191 191
20 34 191 191
21 34 191 191
22 34 191 191
23 34 191 191
24 34 191 191
25 34 191 191
26 34 191 191
27 34 191 191
28 34 191 191
29 34 191 191
30 34 191 191
31 34 191 191
32 34 191 191
33 34 191 191
34 34 191 191
35 34 191 191
36 34 191 191
37 34 191 191
38 34 191 191
39 34 191 191
44 34 191 191
45 34 191 191
47 34 191 191
48 34 191 191
49 34 191 191
10 35 191 191
11 35 191 191
12 35 191 191
13 35 191 191
14 35 191 191
15 35 191 191
16 35 191 191
17 35 191 191
18 35 191 191
19 35 191 191
20 35 191 191
21 35 191 191
22 35 191 191
23 35 191 191
24 35 191 191
25 35 191 191
26 35 191 191
27 35 191 191
28 35 191 191
29 35 191 191
30 35 191 191
31 35 191 191
32 35 191 191
33 35 191 191
34 35 191 191
35 35 191 191
36 35 191 191
37 35 191 191
38 35 191 191
39 35 191 191
45 35 191 191
46 35 191 191
47 35 191 191
49 35 191 191
197 35 25 25
5 36 191 191
6 36 191 191
7 36 191 191
8 36 191 191
11 36 191 191
14 36 191 191
15 36 191 191
16 36 191 191
17 36 191 191
18 36 191 191
19 36 191 191
20 36 191 191
21 36 191 191
22 36 191 191
23 36 191 191
24 36 191 191
25 36 191 191
26 36 191 191
27 36 191 191
28 36 191 191
29 36 191 191
30 36 191 191
31 36 191 191
32 36 191 191
33 36 191 191
34 36 191 191
35 36 191 191
36 36 191 191
37 36 191 191
46 36 191 191
174 36 90 90
175 36 90 90
197 36 25 25
7 37 191 191
8 37 191 191
9 37 191 191
10 37 191 191
11 37 191 191
15 37 191 191
16 37 191 191
17 37 191 191
18 37 191 191
19 37 191 191
20 37 191 191
21 37 191 191
22 37 191 191
23 37 191 191
24 37 191 191
25 37 191 191
26 37 191 191
27 37 191 191
28 37 191 191
29 37 191 191
30 37 191 191
31 37 191 191
32 37 191 191
33 37 191 191
34 37 191 191
35 37 191 191
36 37 191 191
37 37 191 191
40 37 191 191
226 37 182 182
227 37 182 182
8 38 191 191
9 38 191 191
10 38 191 191
11 38 191 191
15 38 191 191
16 38 191 191
18 38 191 191
19 38 191 191
20 38 191 191
21 38 191 191
22 38 191 191
23 38 191 191
24 38 191 191
25 38 191 191
26 38 191 191
27 38 191 191
28 38 191 191
29 38 191 191
30 38 191 191
31 38 191 191
32 38 191 191
33 38 191 191
34 38 191 191
35 38 191 191
36 38 191 191
37 38 191 191
38 38 191 191
39 38 191 191
40 38 191 191
41 38 191 191
226 38 182 182
11 39 191 191
14 39 191 191
15 39 191 191
16 39 191 191
17 39 191 191
18 39 191 191
19 39 191 191
20 39 191 191
21 39 191 191
22 39 191 191
23 39 191 191
24 39 191 191
25 39 191 191
26 39 191 191
27 39 191 191
28 39 191 191
29 39 191 191
30 39 191 191
31 39 191 191
32 39 191 191
33 39 191 191
34 39 191 191
35 39 191 191
36 39 191 191
37 39 191 191
38 39 191 191
39 39 191 191
41 39 191 191
14 40 191 191
17 40 191 191
19 40 191 191
20 40 191 191
21 40 191 191
24 40 191 191
25 40 191 191
26 40 191 191
27 40 191 191
28 40 191 191
29 40 191 191
30 40 191 191
31 40 191 191
33 40 191 191
34 40 191 191
35 40 191 191
36 40 191 191
37 40 191 191
39 40 191 191
22 41 191 191
23 41 191 191
24 41 191 191
25 41 191 191
26 41 191 191
27 41 191 191
28 41 191 191
29 41 191 191
30 41 191 191
31 41 191 191
32 41 191 191
33 41 191 191
34 41 191 191
263 41 103 103
22 42 191 191
24 42 191 191
25 42 191 191
26 42 191 191
27 42 191 191
28 42 191 191
29 42 191 191
30 42 191 191
31 42 191 191
34 42 191 191
35 42 191 191
263 42 103 103
23 43 191 191
24 43 191 191
25 43 191 191
26 43 191 191
27 43 191 191
28 43 191 191
29 43 191 191
30 43 191 191
31 43 191 191
32 43 191 191
33 43 191 191
34 43 191 191
24 44 191 191
25 44 191 191
26 44 191 191
27 44 191 191
28 44 191 191
29 44 191 191
30 44 191 191
31 44 191 191
32 44 191 191
33 44 191 191
99 44 57 57
149 44 96 96
23 45 191 191
24 45 191 191
25 45 191 191
26 45 191 191
27 45 191 191
28 45 191 191
29 45 191 191
30 45 191 191
31 45 191 191
32 45 191 191
98 45 57 57
99 45 57 57
147 45 96 96
148 45 96 96
149 45 96 96
23 46 191 191
24 46 191 191
26 46 191 191
27 46 191 191
28 46 191 191
29 46 191 191
30 46 191 191
31 46 191 191
32 46 191 191
33 46 191 191
148 46 96 96
24 47 191 191
25 47 191 191
26 47 191 191
27 47 191 191
29 47 191 191
30 47 191 191
31 47 191 191
32 47 191 191
26 48 191 191
27 48 191 191
30 48 191 191
32 48 191 191
217 51 94 94
218 51 94 94
47 54 196 196
48 54 196 196
48 55 196 196
49 55 196 196
5 56 101 101
6 56 101 101
5 57 101 101
127 57 26 26
128 57 26 26
128 58 26 26
188 58 116 116
189 58 116 116
103 59 135 135
104 59 135 135
235 59 194 194
236 59 194 194
171 60 190 190
172 60 190 190
290 66 114 114
291 66 114 114
271 70 100 100
272 70 100 100
271 71 100 100
73 77 77 77
73 78 77 77
98 84 118 118
98 85 118 118
175 88 125 125
176 88 125 125
177 88 125 125
200 92 145 145
199 93 145 145
200 93 145 145
5 95 158 158
6 95 158 158
7 95 158 158
81 98 23 23
62 99 102 102
81 99 23 23
62 100 102 102
146 101 1 1
146 102 1 1
294 104 146 146
293 105 146 146
294 105 146 146
55 106 33 33
56 106 33 33
89 109 62 62
90 109 62 62
91 109 62 62
160 111 49 49
251 111 130 130
160 112 49 49
250 112 130 130
251 112 130 130
13 117 181 181
14 117 181 181
14 118 181 181
15 118 181 181
72 118 74 74
218 118 3 3
15 119 181 181
56 119 115 115
57 119 115 115
72 119 74 74
172 119 165 165
218 119 3 3
13 120 181 181
14 120 181 181
15 120 181 181
16 120 181 181
17 120 181 181
55 120 115 115
56 120 115 115
156 120 84 84
172 120 165 165
156 121 84 84
244 127 76 76
244 128 76 76
245 128 76 76
246 128 76 76
289 128 83 83
290 128 83 83
62 130 34 34
63 130 34 34
61 131 34 34
62 131 34 34
63 131 34 34
61 132 34 34
200 134 132 132
13 135 189 189
200 135 132 132
201 135 132 132
202 135 132 132
8 136 189 189
9 136 189 189
10 136 189 189
11 136 189 189
12 136 189 189
13 136 189 189
14 136 189 189
15 136 189 189
10 137 189 189
11 137 189 189
12 137 189 189
13 137 189 189
14 137 189 189
15 137 189 189
181 137 171 171
182 137 171 171
8 138 189 189
9 138 189 189
10 138 189 189
11 138 189 189
12 138 189 189
13 138 189 189
103 138 22 22
104 138 22 22
10 139 189 189
11 139 189 189
161 139 32 32
162 139 32 32
64 140 8 8
162 140 32 32
64 141 8 8
65 141 8 8
161 141 32 32
162 141 32 32
228 141 18 18
229 141 18 18
289 147 12 12
289 148 12 12
124 152 188 188
125 152 188 188
315 152 150 150
316 152 150 150
32 153 138 138
33 153 138 138
34 153 138 138
38 153 138 138
39 153 138 138
32 154 138 138
33 154 138 138
34 154 138 138
35 154 138 138
36 154 138 138
37 154 138 138
38 154 138 138
39 154 138 138
37 155 138 138
38 155 138 138
39 155 138 138
40 155 138 138
26 156 138 138
27 156 138 138
30 156 138 138
32 156 138 138
33 156 138 138
37 156 138 138
38 156 138 138
39 156 138 138
25 157 138 138
26 157 138 138
27 157 138 138
28 157 138 138
29 157 138 138
30 157 138 138
31 157 138 138
32 157 138 138
33 157 138 138
34 157 138 138
35 157 138 138
36 157 138 138
37 157 138 138
38 157 138 138
39 157 138 138
28 158 138 138
30 158 138 138
32 158 138 138
33 158 138 138
34 158 138 138
35 158 138 138
36 158 138 138
232 158 37 37
233 158 37 37
30 159 138 138
34 159 138 138
35 159 138 138
36 159 138 138
37 159 138 138
38 159 138 138
39 159 138 138
34 160 138 138
36 160 138 138
37 160 138 138
38 160 138 138
270 160 157 157
271 160 157 157
272 160 157 157
273 160 157 157
38 161 138 138
63 161 51 51
64 161 51 51
272 161 157 157
273 161 157 157
274 161 157 157
179 165 184 184
180 165 184 184
179 166 184 184
11 174 186 186
12 174 186 186
11 175 186 186
162 175 20 20
194 175 56 56
195 175 56 56
162 176 20 20
71 178 149 149
72 178 149 149
70 179 149 149
71 179 149 149
71 180 149 149
103 184 131 131
104 184 131 131
105 184 131 131
5 185 44 44
103 185 131 131
5 186 44 44
155 188 29 29
79 189 39 39
80 189 39 39
155 189 29 29
202 190 98 98
203 190 98 98
319 191 144 144
40 192 126 126
221 192 55 55
319 192 144 144
40 193 126 126
94 193 92 92
95 193 92 92
220 193 55 55
221 193 55 55
136 197 185 185
137 197 185 185
23 198 0 0
24 198 0 0
263 199 121 121
264 199 121 121
265 199 121 121
263 200 121 121
184 204 43 43
185 204 43 43
184 211 152 152
182 212 152 152
183 212 152 152
184 212 152 152
90 216 16 16
91 216 16 16
14 217 78 78
15 217 78 78
15 218 78 78
118 220 104 104
272 220 162 162
273 220 162 162
274 220 162 162
118 221 104 104
272 221 162 162
273 221 162 162
274 221 162 162
164 222 112 112
164 223 112 112
41 227 107 107
41 228 107 107
42 228 107 107
72 229 172 172
73 229 172 172
260 231 38 38
261 231 38 38
261 232 38 38
280 232 127 127
281 232 127 127
16 233 119 119
16 234 119 119
17 234 119 119
132 237 60 60
132 238 60 60
133 238 60 60
176 239 10 10
176 240 10 10
177 240 10 10
73 244 53 53
73 245 53 53
3 248 111 111
56 248 24 24
3 249 111 111
56 249 24 24
119 254 106 106
120 254 106 106
184 259 148 148
185 259 148 148
185 260 148 148
314 260 80 80
242 261 192 192
243 261 192 192
314 261 80 80
211 262 120 120
34 263 153 153
163 263 197 197
210 263 120 120
211 263 120 120
212 263 120 120
213 263 120 120
214 263 120 120
34 264 153 153
163 264 197 197
212 264 120 120
57 266 199 199
54 267 199 199
55 267 199 199
57 267 199 199
55 268 199 199
56 268 199 199
57 268 199 199
54 269 199 199
55 269 199 199
55 270 199 199
292 272 5 5
223 273 70 70
224 273 70 70
292 273 5 5
293 273 5 5
224 274 70 70
293 274 5 5
8 277 36 36
8 278 36 36
315 282 137 137
316 282 137 137
128 288 42 42
128 289 42 42
2 290 28 28
3 290 28 28
35 294 161 161
267 294 177 177
268 294 177 177
35 295 161 161
267 295 177 177
268 295 177 177
35 296 161 161
62 296 164 164
63 296 164 164
268 296 177 177
63 297 164 164
97 298 27 27
97 299 27 27
95 300 27 27
96 300 27 27
97 300 27 27
213 300 147 147
213 301 147 147
195 302 86 86
195 303 86 86
31 304 2 2
32 304 2 2
32 305 2 2
163 305 163 163
164 305 163 163
232 305 59 59
233 305 59 59
57 307 46 46
105 307 87 87
57 308 46 46
105 308 87 87
307 314 89 89
308 314 89 89
273 317 67 67
273 318 67 67
298 318 21 21
299 318 21 21
182 321 195 195
183 321 195 195
217 321 97 97
114 322 179 179
115 322 179 179
116 322 179 179
117 322 179 179
182 322 195 195
183 322 195 195
217 322 97 97
116 323 179 179
182 323 195 195
116 324 179 179
101 327 54 54
101 328 54 54
311 329 93 93
311 330 93 93
311 331 93 93
21 332 139 139
22 332 139 139
53 332 45 45
232 332 75 75
233 332 75 75
52 333 45 45
53 333 45 45
233 333 75 75
218 335 72 72
219 335 72 72
279 335 4 4
279 336 4 4
82 337 169 169
83 337 169 169
168 338 79 79
169 338 79 79
170 338 79 79
168 339 79 79
170 339 79 79
231 342 6 6
231 343 6 6
231 344 6 6
96 345 68 68
97 345 68 68
1 348 69 69
1 349 69 69
299 349 40 40
300 349 40 40
266 350 85 85
265 351 85 85
266 351 85 85
266 352 85 85
286 352 50 50
266 353 85 85
286 353 50 50
40 355 11 11
41 355 11 11
41 356 11 11
12 358 193 193
13 358 193 193
14 358 193 193
15 358 193 193
178 360 66 66
179 360 66 66
115 363 143 143
116 363 143 143
117 363 143 143
155 365 142 142
154 366 142 142
155 366 142 142
265 368 58 58
266 368 58 58
201 369 173 173
233 369 82 82
284 369 73 73
285 369 73 73
286 369 73 73
201 370 173 173
233 370 82 82
201 371 173 173
202 371 173 173
309 373 183 183
310 373 183 183
242 375 198 198
134 376 175 175
135 376 175 175
242 376 198 198
51 377 71 71
52 377 71 71
77 377 122 122
78 377 122 122
79 377 122 122
80 377 122 122
134 377 175 175
135 377 175 175
51 378 71 71
80 378 122 122
80 379 122 122
264 389 35 35
265 389 35 35
266 389 35 35
304 392 99 99
305 392 99 99
211 393 134 134
212 393 134 134
213 393 134 134
21 394 128 128
21 395 128 128
22 395 128 128
51 400 154 154
52 400 154 154
252 400 174 174
253 400 174 174
122 402 170 170
303 402 61 61
122 403 170 170
144 403 155 155
145 403 155 155
303 403 61 61
93 404 109 109
93 405 109 109
108 407 15 15
108 408 15 15
257 410 30 30
116 411 31 31
257 411 30 30
116 412 31 31
28 418 14 14
29 418 14 14
253 423 9 9
254 423 9 9
255 423 9 9
19 424 168 168
20 424 168 168
20 425 168 168
21 425 168 168
19 426 168 168
20 426 168 168
20 427 168 168
110 427 19 19
111 427 19 19
304 429 141 141
305 429 141 141
306 429 141 141
127 432 41 41
127 433 41 41
203 435 108 108
204 435 108 108
241 435 187 187
33 436 63 63
240 436 187 187
241 436 187 187
33 437 63 63
280 437 123 123
280 438 123 123
280 439 123 123
10 440 88 88
82 440 91 91
96 440 117 117
97 440 117 117
10 441 88 88
81 441 91 91
82 441 91 91
83 441 91 91
82 442 91 91
159 442 140 140
159 443 140 140
304 446 64 64
121 447 65 65
122 447 65 65
304 447 64 64
121 448 65 65
141 454 47 47
142 454 47 47
222 455 167 167
174 456 178 178
222 456 167 167
174 457 178 178
62 460 156 156
62 461 156 156
31 463 160 160
31 464 160 160
117 464 136 136
14 465 81 81
117 465 136 136
14 466 81 81
306 466 105 105
307 466 105 105
308 466 105 105
168 469 52 52
169 469 52 52
246 469 133 133
247 469 133 133
209 470 110 110
210 470 110 110
267 470 17 17
268 470 17 17
293 471 180 180
294 471 180 180
147 479 13 13
148 479 13 13
