1599 481 321
274 3 229 229
293 3 124 124
233 4 152 152
274 4 229 229
275 4 229 229
276 4 229 229
277 4 229 229
293 4 124 124
294 4 124 124
233 5 152 152
233 6 152 152
311 8 170 170
312 8 170 170
311 9 170 170
337 15 37 37
336 16 37 37
337 16 37 37
336 17 37 37
144 18 249 249
145 18 249 249
146 18 249 249
147 18 249 249
148 18 249 249
263 18 80 80
1 19 175 175
3 19 175 175
26 19 216 216
147 19 249 249
148 19 249 249
149 19 249 249
150 19 249 249
231 19 119 119
263 19 80 80
0 20 175 175
1 20 175 175
2 20 175 175
3 20 175 175
24 20 216 216
25 20 216 216
26 20 216 216
27 20 216 216
28 20 216 216
146 20 249 249
147 20 249 249
148 20 249 249
149 20 249 249
150 20 249 249
151 20 249 249
231 20 119 119
232 20 119 119
233 20 119 119
274 20 51 51
275 20 51 51
0 21 175 175
1 21 175 175
2 21 175 175
3 21 175 175
24 21 216 216
26 21 216 216
146 21 249 249
147 21 249 249
148 21 249 249
149 21 249 249
150 21 249 249
151 21 249 249
231 21 119 119
1 22 175 175
2 22 175 175
3 22 175 175
146 22 249 249
147 22 249 249
148 22 249 249
150 22 249 249
151 22 249 249
152 22 249 249
0 23 175 175
1 23 175 175
2 23 175 175
147 23 249 249
0 24 175 175
1 24 175 175
147 24 249 249
151 24 249 249
193 24 87 87
194 24 87 87
0 25 175 175
1 25 175 175
147 25 249 249
148 25 249 249
149 25 249 249
150 25 249 249
151 25 249 249
152 25 249 249
192 25 87 87
193 25 87 87
296 25 4 4
0 26 175 175
1 26 175 175
145 26 249 249
146 26 249 249
147 26 249 249
148 26 249 249
149 26 249 249
150 26 249 249
193 26 87 87
194 26 87 87
296 26 4 4
146 27 249 249
147 27 249 249
148 27 249 249
194 27 87 87
148 28 249 249
218 28 45 45
340 28 11 11
341 28 11 11
342 28 11 11
148 29 249 249
218 29 45 45
219 29 45 45
317 29 196 196
147 30 249 249
148 30 249 249
149 30 249 249
218 30 45 45
317 30 196 196
146 31 249 249
147 31 249 249
217 31 45 45
218 31 45 45
146 32 249 249
209 34 211 211
210 34 211 211
208 35 211 211
209 35 211 211
210 35 211 211
209 36 211 211
210 36 211 211
208 37 211 211
209 37 211 211
208 38 211 211
299 38 129 129
298 39 129 129
299 39 129 129
238 41 69 69
239 41 69 69
238 42 69 69
239 42 69 69
2 43 100 100
239 43 69 69
240 43 69 69
241 43 69 69
2 44 100 100
212 44 53 53
2 45 100 100
211 45 53 53
212 45 53 53
1 46 100 100
2 46 100 100
211 46 53 53
212 46 53 53
1 47 100 100
211 47 53 53
212 47 53 53
1 48 100 100
9 48 236 236
10 48 236 236
209 48 53 53
211 48 53 53
1 49 100 100
9 49 236 236
11 49 236 236
13 49 236 236
14 49 236 236
15 49 236 236
16 49 236 236
208 49 53 53
209 49 53 53
211 49 53 53
1 50 100 100
9 50 236 236
10 50 236 236
11 50 236 236
12 50 236 236
13 50 236 236
14 50 236 236
209 50 53 53
210 50 53 53
211 50 53 53
1 51 100 100
2 51 100 100
9 51 236 236
13 51 236 236
14 51 236 236
15 51 236 236
211 51 53 53
2 52 100 100
9 52 236 236
13 52 236 236
15 52 236 236
2 53 100 100
299 53 162 162
300 53 162 162
2 54 100 100
298 54 162 162
299 54 162 162
298 55 162 162
299 55 162 162
300 55 162 162
300 56 162 162
301 56 162 162
302 56 162 162
280 63 110 110
279 64 110 110
280 64 110 110
294 71 73 73
295 71 73 73
295 72 73 73
296 72 73 73
324 74 146 146
325 74 146 146
326 74 146 146
207 75 225 225
208 75 225 225
318 75 90 90
208 76 225 225
318 76 90 90
208 77 225 225
209 77 225 225
334 77 29 29
209 78 225 225
278 78 56 56
279 78 56 56
280 78 56 56
334 78 29 29
299 88 226 226
298 89 226 226
299 89 226 226
334 90 221 221
246 91 104 104
333 91 221 221
334 91 221 221
245 92 104 104
246 92 104 104
47 96 210 210
65 96 177 177
269 96 245 245
270 96 245 245
271 96 245 245
7 97 15 15
8 97 15 15
9 97 15 15
47 97 210 210
65 97 177 177
179 97 31 31
47 98 210 210
65 98 177 177
66 98 177 177
67 98 177 177
179 98 31 31
180 98 31 31
46 99 210 210
47 99 210 210
65 99 177 177
66 99 177 177
67 99 177 177
180 99 31 31
47 100 210 210
48 100 210 210
65 100 177 177
92 103 217 217
90 104 217 217
91 104 217 217
92 104 217 217
0 105 232 232
89 105 217 217
90 105 217 217
91 105 217 217
92 105 217 217
0 106 232 232
88 106 217 217
89 106 217 217
92 106 217 217
284 106 184 184
0 107 232 232
1 107 232 232
88 107 217 217
89 107 217 217
104 107 191 191
105 107 191 191
284 107 184 184
1 108 232 232
12 108 203 203
88 108 217 217
89 108 217 217
104 108 191 191
105 108 191 191
106 108 191 191
107 108 191 191
108 108 191 191
284 108 184 184
285 108 184 184
0 109 232 232
1 109 232 232
2 109 232 232
11 109 203 203
12 109 203 203
88 109 217 217
89 109 217 217
90 109 217 217
91 109 217 217
92 109 217 217
93 109 217 217
94 109 217 217
105 109 191 191
106 109 191 191
107 109 191 191
328 109 140 140
329 109 140 140
330 109 140 140
0 110 232 232
1 110 232 232
2 110 232 232
3 110 232 232
88 110 217 217
91 110 217 217
94 110 217 217
95 110 217 217
105 110 191 191
107 110 191 191
108 110 191 191
0 111 232 232
3 111 232 232
88 111 217 217
91 111 217 217
104 111 191 191
105 111 191 191
107 111 191 191
427 111 248 248
2 112 232 232
3 112 232 232
104 112 191 191
105 112 191 191
420 112 248 248
421 112 248 248
422 112 248 248
423 112 248 248
424 112 248 248
425 112 248 248
426 112 248 248
427 112 248 248
428 112 248 248
429 112 248 248
430 112 248 248
210 113 166 166
211 113 166 166
345 113 83 83
421 113 248 248
422 113 248 248
423 113 248 248
424 113 248 248
425 113 248 248
259 114 222 222
260 114 222 222
345 114 83 83
346 114 83 83
415 114 248 248
416 114 248 248
417 114 248 248
418 114 248 248
419 114 248 248
420 114 248 248
421 114 248 248
422 114 248 248
424 114 248 248
425 114 248 248
16 115 41 41
17 115 41 41
297 115 112 112
298 115 112 112
411 115 248 248
412 115 248 248
413 115 248 248
414 115 248 248
415 115 248 248
416 115 248 248
405 116 248 248
410 116 248 248
411 116 248 248
412 116 248 248
416 116 248 248
417 116 248 248
285 117 207 207
286 117 207 207
404 117 248 248
405 117 248 248
406 117 248 248
409 117 248 248
410 117 248 248
411 117 248 248
412 117 248 248
413 117 248 248
414 117 248 248
415 117 248 248
416 117 248 248
285 118 207 207
405 118 248 248
406 118 248 248
407 118 248 248
408 118 248 248
409 118 248 248
163 119 57 57
285 119 207 207
405 119 248 248
409 119 248 248
410 119 248 248
163 120 57 57
164 120 57 57
213 120 224 224
214 120 224 224
215 120 224 224
59 121 163 163
61 121 163 163
162 121 57 57
163 121 57 57
214 121 224 224
59 122 163 163
60 122 163 163
61 122 163 163
62 122 163 163
63 122 163 163
162 122 57 57
163 122 57 57
59 123 163 163
61 123 163 163
63 123 163 163
160 123 57 57
161 123 57 57
162 123 57 57
163 123 57 57
164 123 57 57
63 124 163 163
35 127 106 106
303 127 88 88
304 127 88 88
35 128 106 106
74 131 76 76
111 131 71 71
252 131 174 174
253 131 174 174
74 132 76 76
109 132 71 71
110 132 71 71
111 132 71 71
112 132 71 71
276 132 55 55
328 132 116 116
329 132 116 116
72 133 76 76
73 133 76 76
74 133 76 76
75 133 76 76
109 133 71 71
276 133 55 55
324 133 157 157
325 133 157 157
266 134 205 205
267 134 205 205
286 134 149 149
287 134 149 149
288 134 149 149
287 135 149 149
172 137 143 143
173 137 143 143
174 137 143 143
147 138 208 208
148 138 208 208
148 139 208 208
148 140 208 208
151 140 208 208
19 141 139 139
148 141 208 208
149 141 208 208
150 141 208 208
151 141 208 208
19 142 139 139
20 142 139 139
149 142 208 208
150 142 208 208
151 142 208 208
19 143 139 139
20 143 139 139
115 143 218 218
150 143 208 208
226 143 107 107
227 143 107 107
20 144 139 139
114 144 218 218
115 144 218 218
147 144 208 208
148 144 208 208
149 144 208 208
150 144 208 208
175 144 13 13
176 144 13 13
177 144 13 13
20 145 139 139
115 145 218 218
116 145 218 218
176 145 13 13
275 145 144 144
276 145 144 144
277 145 144 144
340 145 21 21
55 146 103 103
75 146 59 59
176 146 13 13
340 146 21 21
54 147 103 103
55 147 103 103
56 147 103 103
75 147 59 59
334 147 34 34
335 147 34 34
54 148 103 103
55 148 103 103
74 148 59 59
75 148 59 59
294 148 151 151
295 148 151 151
55 149 103 103
75 149 59 59
192 149 142 142
75 150 59 59
76 150 59 59
192 150 142 142
254 150 202 202
255 150 202 202
76 151 59 59
192 151 142 142
120 153 132 132
216 153 68 68
120 154 132 132
121 154 132 132
122 154 132 132
123 154 132 132
216 154 68 68
240 154 227 227
208 155 6 6
240 155 227 227
155 156 38 38
156 156 38 38
157 156 38 38
207 156 6 6
208 156 6 6
320 156 14 14
207 157 6 6
320 157 14 14
225 158 159 159
0 159 161 161
225 159 159 159
0 160 161 161
1 160 161 161
2 160 161 161
137 160 95 95
0 161 161 161
1 161 161 161
2 161 161 161
137 161 95 95
138 161 95 95
139 161 95 95
0 162 161 161
1 162 161 161
137 162 95 95
138 162 95 95
139 162 95 95
177 162 113 113
178 162 113 113
191 163 130 130
192 163 130 130
275 163 148 148
275 164 148 148
238 166 78 78
239 166 78 78
264 167 96 96
157 168 189 189
158 168 189 189
159 168 189 189
160 168 189 189
161 168 189 189
162 168 189 189
264 168 96 96
291 168 7 7
159 169 189 189
160 169 189 189
291 169 7 7
128 170 50 50
129 170 50 50
158 170 189 189
159 170 189 189
291 170 7 7
9 171 193 193
10 171 193 193
11 171 193 193
158 171 189 189
9 172 193 193
396 173 82 82
397 173 82 82
268 176 93 93
269 176 93 93
308 176 131 131
322 176 54 54
460 176 169 169
229 177 94 94
230 177 94 94
269 177 93 93
270 177 93 93
308 177 131 131
322 177 54 54
366 177 188 188
367 177 188 188
368 177 188 188
459 177 169 169
460 177 169 169
461 177 169 169
462 177 169 169
230 178 94 94
270 178 93 93
308 178 131 131
309 178 131 131
355 178 206 206
356 178 206 206
92 179 176 176
93 179 176 176
94 179 176 176
309 179 131 131
397 179 126 126
398 179 126 126
93 180 176 176
122 180 194 194
285 180 237 237
286 180 237 237
396 180 126 126
397 180 126 126
122 181 194 194
264 181 40 40
285 181 237 237
286 181 237 237
375 181 84 84
414 181 204 204
415 181 204 204
122 182 194 194
263 182 40 40
264 182 40 40
285 182 237 237
375 182 84 84
454 182 230 230
455 182 230 230
41 183 234 234
42 183 234 234
68 183 197 197
69 183 197 197
122 183 194 194
455 183 230 230
41 184 234 234
42 184 234 234
43 184 234 234
44 184 234 234
69 184 197 197
205 184 185 185
370 184 43 43
205 185 185 185
370 185 43 43
270 186 62 62
271 186 62 62
246 187 220 220
245 188 220 220
246 188 220 220
471 189 108 108
472 189 108 108
473 189 108 108
319 190 19 19
318 191 19 19
319 191 19 19
261 192 164 164
262 192 164 164
263 192 164 164
285 192 91 91
462 192 165 165
463 192 165 165
464 192 165 165
465 192 165 165
107 193 61 61
108 193 61 61
228 193 212 212
285 193 91 91
462 193 165 165
214 194 114 114
228 194 212 212
285 194 91 91
199 195 145 145
200 195 145 145
214 195 114 114
199 196 145 145
212 196 114 114
213 196 114 114
214 196 114 114
329 196 12 12
330 196 12 12
331 196 12 12
199 197 145 145
213 197 114 114
329 197 12 12
368 198 246 246
369 198 246 246
370 198 246 246
371 198 246 246
372 198 246 246
253 201 52 52
253 202 52 52
191 203 17 17
341 203 36 36
191 204 17 17
340 204 36 36
341 204 36 36
178 205 138 138
179 205 138 138
341 205 36 36
179 206 138 138
280 206 223 223
281 206 223 223
280 207 223 223
281 207 223 223
282 207 223 223
278 208 223 223
279 208 223 223
280 208 223 223
282 208 223 223
278 209 223 223
279 209 223 223
280 209 223 223
282 209 223 223
15 210 127 127
230 210 22 22
231 210 22 22
232 210 22 22
277 210 223 223
278 210 223 223
279 210 223 223
280 210 223 223
282 210 223 223
283 210 223 223
15 211 127 127
16 211 127 127
24 211 180 180
279 211 223 223
280 211 223 223
281 211 223 223
283 211 223 223
303 211 242 242
13 212 127 127
14 212 127 127
15 212 127 127
24 212 180 180
278 212 223 223
279 212 223 223
281 212 223 223
302 212 242 242
303 212 242 242
15 213 127 127
24 213 180 180
245 213 28 28
276 213 223 223
277 213 223 223
278 213 223 223
279 213 223 223
280 213 223 223
281 213 223 223
282 213 223 223
301 213 242 242
302 213 242 242
303 213 242 242
304 213 242 242
475 213 154 154
245 214 28 28
277 214 223 223
278 214 223 223
280 214 223 223
303 214 242 242
304 214 242 242
305 214 242 242
328 214 168 168
402 214 182 182
403 214 182 182
404 214 182 182
405 214 182 182
406 214 182 182
474 214 154 154
475 214 154 154
277 215 223 223
278 215 223 223
279 215 223 223
280 215 223 223
301 215 242 242
302 215 242 242
303 215 242 242
304 215 242 242
305 215 242 242
306 215 242 242
328 215 168 168
403 215 182 182
467 215 186 186
474 215 154 154
475 215 154 154
207 216 27 27
277 216 223 223
278 216 223 223
280 216 223 223
281 216 223 223
304 216 242 242
305 216 242 242
306 216 242 242
467 216 186 186
468 216 186 186
469 216 186 186
207 217 27 27
208 217 27 27
281 217 223 223
303 217 242 242
304 217 242 242
305 217 242 242
306 217 242 242
142 218 39 39
143 218 39 39
304 218 242 242
306 218 242 242
141 219 39 39
142 219 39 39
145 219 39 39
146 219 39 39
302 219 242 242
303 219 242 242
304 219 242 242
307 219 242 242
142 220 39 39
143 220 39 39
144 220 39 39
145 220 39 39
167 220 240 240
304 220 242 242
306 220 242 242
307 220 242 242
308 220 242 242
167 221 240 240
303 221 242 242
304 221 242 242
305 221 242 242
306 221 242 242
167 222 240 240
168 222 240 240
220 222 153 153
221 222 153 153
222 222 153 153
304 222 242 242
306 222 242 242
307 222 242 242
309 222 242 242
165 223 240 240
166 223 240 240
167 223 240 240
196 223 10 10
197 223 10 10
221 223 153 153
297 223 46 46
304 223 242 242
305 223 242 242
309 223 242 242
310 223 242 242
407 223 141 141
197 224 10 10
198 224 10 10
297 224 46 46
304 224 242 242
308 224 242 242
309 224 242 242
406 224 141 141
407 224 141 141
304 225 242 242
307 225 242 242
308 225 242 242
309 225 242 242
312 225 242 242
315 225 242 242
316 225 242 242
44 226 35 35
45 226 35 35
304 226 242 242
306 226 242 242
308 226 242 242
309 226 242 242
310 226 242 242
311 226 242 242
312 226 242 242
314 226 242 242
316 226 242 242
64 227 199 199
129 227 109 109
130 227 109 109
245 227 115 115
246 227 115 115
304 227 242 242
305 227 242 242
306 227 242 242
307 227 242 242
308 227 242 242
309 227 242 242
310 227 242 242
311 227 242 242
312 227 242 242
313 227 242 242
314 227 242 242
315 227 242 242
316 227 242 242
317 227 242 242
64 228 199 199
130 228 109 109
131 228 109 109
132 228 109 109
304 228 242 242
305 228 242 242
306 228 242 242
307 228 242 242
308 228 242 242
311 228 242 242
313 228 242 242
314 228 242 242
315 228 242 242
397 228 20 20
472 228 97 97
30 229 72 72
31 229 72 72
32 229 72 72
63 229 199 199
64 229 199 199
130 229 109 109
131 229 109 109
132 229 109 109
186 229 158 158
304 229 242 242
305 229 242 242
306 229 242 242
314 229 242 242
315 229 242 242
397 229 20 20
471 229 97 97
472 229 97 97
12 230 102 102
32 230 72 72
64 230 199 199
65 230 199 199
132 230 109 109
186 230 158 158
305 230 242 242
306 230 242 242
311 230 242 242
312 230 242 242
313 230 242 242
314 230 242 242
376 230 181 181
377 230 181 181
378 230 181 181
397 230 20 20
12 231 102 102
13 231 102 102
14 231 102 102
32 231 72 72
312 231 242 242
313 231 242 242
98 233 238 238
99 233 238 238
238 233 65 65
239 233 65 65
449 233 5 5
450 233 5 5
98 234 238 238
99 234 238 238
237 234 65 65
238 234 65 65
294 234 48 48
449 234 5 5
6 235 24 24
98 235 238 238
294 235 48 48
295 235 48 48
6 236 24 24
207 236 195 195
208 236 195 195
209 236 195 195
206 237 195 195
207 237 195 195
224 238 67 67
224 239 67 67
225 239 67 67
303 239 178 178
304 239 178 178
306 239 178 178
307 239 178 178
309 239 178 178
310 239 178 178
12 240 70 70
13 240 70 70
304 240 178 178
305 240 178 178
306 240 178 178
307 240 178 178
308 240 178 178
309 240 178 178
311 240 178 178
280 241 121 121
304 241 178 178
309 241 178 178
311 241 178 178
465 241 172 172
466 241 172 172
467 241 172 172
468 241 172 172
280 242 121 121
281 242 121 121
301 242 178 178
302 242 178 178
303 242 178 178
304 242 178 178
306 242 178 178
307 242 178 178
308 242 178 178
309 242 178 178
310 242 178 178
311 242 178 178
312 242 178 178
302 243 178 178
303 243 178 178
304 243 178 178
306 243 178 178
307 243 178 178
308 243 178 178
309 243 178 178
310 243 178 178
303 244 178 178
309 244 178 178
310 244 178 178
311 244 178 178
271 245 198 198
309 245 178 178
310 245 178 178
311 245 178 178
312 245 178 178
271 246 198 198
310 246 178 178
365 246 147 147
366 246 147 147
367 246 147 147
368 246 147 147
0 247 243 243
271 247 198 198
310 247 178 178
311 247 178 178
367 247 147 147
0 248 243 243
345 248 79 79
367 248 147 147
464 248 241 241
465 248 241 241
466 248 241 241
0 249 243 243
1 249 243 243
2 249 243 243
345 249 79 79
0 250 243 243
1 250 243 243
0 251 243 243
0 252 243 243
1 252 243 243
50 252 32 32
325 252 44 44
326 252 44 44
426 252 49 49
427 252 49 49
428 252 49 49
0 253 243 243
1 253 243 243
50 253 32 32
66 253 156 156
67 253 156 156
240 253 231 231
299 253 47 47
300 253 47 47
325 253 44 44
326 253 44 44
327 253 44 44
328 253 44 44
329 253 44 44
426 253 49 49
427 253 49 49
0 254 243 243
1 254 243 243
3 254 243 243
4 254 243 243
48 254 32 32
49 254 32 32
50 254 32 32
240 254 231 231
241 254 231 231
327 254 44 44
328 254 44 44
362 254 122 122
363 254 122 122
411 254 209 209
412 254 209 209
413 254 209 209
0 255 243 243
2 255 243 243
3 255 243 243
4 255 243 243
81 255 92 92
411 255 209 209
0 256 243 243
2 256 243 243
80 256 92 92
81 256 92 92
82 256 92 92
257 256 60 60
384 256 192 192
385 256 192 192
386 256 192 192
0 257 243 243
1 257 243 243
2 257 243 243
3 257 243 243
82 257 92 92
256 257 60 60
257 257 60 60
0 258 243 243
211 258 2 2
290 258 0 0
0 259 243 243
1 259 243 243
211 259 2 2
212 259 2 2
290 259 0 0
291 259 0 0
401 259 81 81
402 259 81 81
425 259 26 26
426 259 26 26
0 260 243 243
188 260 3 3
314 260 150 150
315 260 150 150
186 261 3 3
187 261 3 3
188 261 3 3
314 261 150 150
267 262 9 9
268 262 9 9
376 262 63 63
376 263 63 63
80 264 117 117
81 264 117 117
82 264 117 117
115 264 25 25
116 264 25 25
376 264 63 63
80 265 117 117
81 265 117 117
115 265 25 25
80 266 117 117
81 266 117 117
82 266 117 117
115 266 25 25
82 267 117 117
291 267 136 136
366 267 133 133
367 267 133 133
368 267 133 133
291 268 136 136
292 268 136 136
367 268 133 133
368 268 133 133
222 269 1 1
223 269 1 1
232 269 123 123
233 269 123 123
368 269 133 133
368 270 133 133
3 273 213 213
128 273 244 244
129 273 244 244
130 273 244 244
131 273 244 244
132 273 244 244
133 273 244 244
134 273 244 244
135 273 244 244
287 273 219 219
288 273 219 219
399 273 235 235
3 274 213 213
4 274 213 213
128 274 244 244
129 274 244 244
132 274 244 244
133 274 244 244
287 274 219 219
288 274 219 219
396 274 235 235
397 274 235 235
398 274 235 235
399 274 235 235
4 275 213 213
128 275 244 244
3 276 213 213
4 276 213 213
3 277 213 213
97 277 125 125
230 277 160 160
231 277 160 160
431 277 173 173
432 277 173 173
459 277 86 86
460 277 86 86
3 278 213 213
97 278 125 125
98 278 125 125
459 278 86 86
0 279 213 213
1 279 213 213
3 279 213 213
4 279 213 213
0 280 213 213
2 280 213 213
3 280 213 213
4 280 213 213
152 280 33 33
153 280 33 33
154 280 33 33
0 281 213 213
2 281 213 213
4 281 213 213
153 281 33 33
403 281 75 75
0 282 213 213
2 282 213 213
4 282 213 213
153 282 33 33
210 282 171 171
211 282 171 171
403 282 75 75
404 282 75 75
0 283 213 213
1 283 213 213
2 283 213 213
3 283 213 213
153 283 33 33
211 283 171 171
212 283 171 171
404 283 75 75
0 284 213 213
1 284 213 213
2 284 213 213
3 284 213 213
153 284 33 33
268 284 42 42
269 284 42 42
0 285 213 213
1 285 213 213
2 285 213 213
3 285 213 213
91 285 8 8
92 285 8 8
380 285 215 215
381 285 215 215
0 286 213 213
1 286 213 213
2 286 213 213
3 286 213 213
4 286 213 213
380 286 215 215
0 287 213 213
1 287 213 213
4 287 213 213
351 287 190 190
419 287 89 89
0 288 213 213
1 288 213 213
38 288 247 247
301 288 85 85
351 288 190 190
352 288 190 190
418 288 89 89
419 288 89 89
0 289 213 213
1 289 213 213
2 289 213 213
4 289 213 213
38 289 247 247
301 289 85 85
302 289 85 85
303 289 85 85
398 289 99 99
399 289 99 99
400 289 99 99
459 289 74 74
1 290 213 213
2 290 213 213
4 290 213 213
38 290 247 247
398 290 99 99
399 290 99 99
459 290 74 74
476 290 111 111
477 290 111 111
478 290 111 111
479 290 111 111
0 291 213 213
1 291 213 213
3 291 213 213
4 291 213 213
37 291 247 247
38 291 247 247
39 291 247 247
40 291 247 247
397 291 99 99
398 291 99 99
459 291 74 74
460 291 74 74
0 292 213 213
1 292 213 213
4 292 213 213
39 292 247 247
449 292 167 167
450 292 167 167
459 292 74 74
0 293 213 213
1 293 213 213
2 293 213 213
3 293 213 213
4 293 213 213
38 293 247 247
39 293 247 247
40 293 247 247
41 293 247 247
407 293 134 134
408 293 134 134
449 293 167 167
458 293 74 74
459 293 74 74
460 293 74 74
0 294 213 213
1 294 213 213
2 294 213 213
4 294 213 213
38 294 247 247
40 294 247 247
41 294 247 247
407 294 134 134
408 294 134 134
0 295 213 213
1 295 213 213
3 295 213 213
4 295 213 213
281 295 179 179
315 295 23 23
0 296 213 213
1 296 213 213
2 296 213 213
3 296 213 213
281 296 179 179
282 296 179 179
314 296 23 23
315 296 23 23
316 296 23 23
0 297 213 213
1 297 213 213
2 297 213 213
3 297 213 213
4 297 213 213
281 297 179 179
461 297 105 105
0 298 213 213
1 298 213 213
3 298 213 213
4 298 213 213
79 298 16 16
80 298 16 16
281 298 179 179
282 298 179 179
461 298 105 105
0 299 213 213
1 299 213 213
2 299 213 213
3 299 213 213
4 299 213 213
80 299 16 16
0 300 213 213
1 300 213 213
2 300 213 213
3 300 213 213
80 300 16 16
0 301 213 213
1 301 213 213
2 301 213 213
3 301 213 213
326 301 155 155
0 302 213 213
1 302 213 213
2 302 213 213
3 302 213 213
326 302 155 155
327 302 155 155
0 303 213 213
1 303 213 213
2 303 213 213
3 303 213 213
4 303 213 213
327 303 155 155
0 304 213 213
2 304 213 213
3 304 213 213
267 305 200 200
121 306 98 98
122 306 98 98
266 306 200 200
267 306 200 200
268 306 200 200
447 306 101 101
448 306 101 101
122 307 98 98
337 307 239 239
338 307 239 239
361 307 228 228
121 308 98 98
122 308 98 98
361 308 228 228
362 308 228 228
121 309 98 98
122 309 98 98
251 309 120 120
252 309 120 120
362 309 228 228
363 309 228 228
415 309 135 135
82 310 30 30
83 310 30 30
84 310 30 30
121 310 98 98
363 310 228 228
415 310 135 135
439 310 128 128
0 311 77 77
83 311 30 30
84 311 30 30
85 311 30 30
214 311 58 58
215 311 58 58
216 311 58 58
217 311 58 58
438 311 128 128
439 311 128 128
0 312 77 77
1 312 77 77
2 312 77 77
3 312 77 77
4 312 77 77
5 312 77 77
154 312 183 183
192 312 233 233
215 312 58 58
216 312 58 58
260 312 18 18
295 312 201 201
296 312 201 201
475 312 66 66
0 313 77 77
1 313 77 77
2 313 77 77
3 313 77 77
4 313 77 77
5 313 77 77
153 313 183 183
154 313 183 183
155 313 183 183
191 313 233 233
192 313 233 233
216 313 58 58
231 313 118 118
260 313 18 18
295 313 201 201
475 313 66 66
0 314 77 77
1 314 77 77
2 314 77 77
3 314 77 77
4 314 77 77
5 314 77 77
6 314 77 77
149 314 183 183
150 314 183 183
151 314 183 183
152 314 183 183
153 314 183 183
192 314 233 233
193 314 233 233
230 314 118 118
231 314 118 118
0 315 77 77
1 315 77 77
2 315 77 77
3 315 77 77
4 315 77 77
5 315 77 77
6 315 77 77
7 315 77 77
147 315 183 183
148 315 183 183
149 315 183 183
389 315 187 187
390 315 187 187
0 316 77 77
1 316 77 77
2 316 77 77
3 316 77 77
4 316 77 77
5 316 77 77
6 316 77 77
7 316 77 77
148 316 183 183
149 316 183 183
388 316 187 187
389 316 187 187
390 316 187 187
0 317 77 77
1 317 77 77
2 317 77 77
3 317 77 77
4 317 77 77
5 317 77 77
6 317 77 77
7 317 77 77
8 317 77 77
386 317 187 187
387 317 187 187
388 317 187 187
389 317 187 187
390 317 187 187
391 317 187 187
392 317 187 187
0 318 77 77
1 318 77 77
2 318 77 77
3 318 77 77
4 318 77 77
5 318 77 77
6 318 77 77
7 318 77 77
8 318 77 77
0 319 77 77
1 319 77 77
2 319 77 77
3 319 77 77
4 319 77 77
5 319 77 77
6 319 77 77
7 319 77 77
9 319 77 77
10 319 77 77
13 319 77 77
14 319 77 77
0 320 77 77
1 320 77 77
2 320 77 77
3 320 77 77
4 320 77 77
5 320 77 77
6 320 77 77
7 320 77 77
8 320 77 77
9 320 77 77
10 320 77 77
11 320 77 77
12 320 77 77
13 320 77 77
228 320 137 137
229 320 137 137
230 320 137 137
231 320 137 137
232 320 137 137
299 320 64 64
300 320 64 64
442 320 214 214
443 320 214 214
